/*--------------------------------*- C++ -*----------------------------------*\
| =========                 |                                                 |
| \\      /  F ield         | OpenFOAM: The Open Source CFD Toolbox           |
|  \\    /   O peration     | Version:  v2012                                 |
|   \\  /    A nd           | Website:  www.openfoam.com                      |
|    \\/     M anipulation  |                                                 |
\*---------------------------------------------------------------------------*/
FoamFile
{
    version     2.0;
    format      ascii;
    class       vectorField;
    location    "constant/polyMesh";
    object      points;
}
// * * * * * * * * * * * * * * * * * * * * * * * * * * * * * * * * * * * * * //


3136
(
(0.563356 0.0361342 0.00157766)
(0.559881 0.07212 0.00314883)
(0.554106 0.107809 0.00470706)
(0.546054 0.143056 0.00624595)
(0.535757 0.177714 0.00775918)
(0.523259 0.211643 0.00924052)
(0.508611 0.244701 0.0106839)
(0.491873 0.276754 0.0120834)
(0.473114 0.30767 0.0134332)
(0.452411 0.337322 0.0147278)
(0.429849 0.365587 0.0159619)
(0.40552 0.39235 0.0171304)
(0.379525 0.417501 0.0182285)
(0.35197 0.440936 0.0192517)
(0.322969 0.46256 0.0201958)
(0.292641 0.482282 0.0210569)
(0.26111 0.500023 0.0218315)
(0.228507 0.515709 0.0225164)
(0.194964 0.529276 0.0231087)
(0.16062 0.540668 0.0236061)
(0.125617 0.549839 0.0240065)
(0.0900967 0.55675 0.0243082)
(0.0542065 0.561373 0.0245101)
(0.0180936 0.563689 0.0246112)
(-0.0180936 0.563689 0.0246112)
(-0.0542065 0.561373 0.0245101)
(-0.0900967 0.55675 0.0243082)
(-0.125617 0.549839 0.0240065)
(-0.16062 0.540668 0.0236061)
(-0.194964 0.529276 0.0231087)
(-0.228507 0.515709 0.0225164)
(-0.26111 0.500023 0.0218315)
(-0.292641 0.482282 0.0210569)
(-0.322969 0.46256 0.0201958)
(-0.35197 0.440936 0.0192517)
(-0.379525 0.417501 0.0182285)
(-0.40552 0.39235 0.0171304)
(-0.429849 0.365587 0.0159619)
(-0.452411 0.337322 0.0147278)
(-0.473114 0.30767 0.0134332)
(-0.491873 0.276754 0.0120834)
(-0.508611 0.244701 0.0106839)
(-0.523259 0.211643 0.00924052)
(-0.535757 0.177714 0.00775918)
(-0.546054 0.143056 0.00624595)
(-0.554106 0.107809 0.00470706)
(-0.559881 0.07212 0.00314883)
(-0.563356 0.0361342 0.00157766)
(0.62774 0.0402639 0.00175796)
(0.623868 0.0803623 0.00350869)
(0.617432 0.12013 0.00524501)
(0.60846 0.159405 0.00695977)
(0.596987 0.198025 0.00864594)
(0.583061 0.23583 0.0102966)
(0.566738 0.272667 0.0119049)
(0.548088 0.308383 0.0134643)
(0.527184 0.342832 0.0149684)
(0.504115 0.375873 0.016411)
(0.478974 0.407368 0.0177861)
(0.451865 0.43719 0.0190881)
(0.422899 0.465216 0.0203117)
(0.392195 0.491329 0.0214519)
(0.35988 0.515424 0.0225039)
(0.326086 0.5374 0.0234634)
(0.290952 0.557169 0.0243265)
(0.254622 0.574648 0.0250897)
(0.217246 0.589765 0.0257497)
(0.178977 0.602459 0.0263039)
(0.139973 0.612677 0.0267501)
(0.100393 0.620378 0.0270863)
(0.0604016 0.62553 0.0273112)
(0.0201615 0.628111 0.0274239)
(-0.0201615 0.628111 0.0274239)
(-0.0604016 0.62553 0.0273112)
(-0.100393 0.620378 0.0270863)
(-0.139973 0.612677 0.0267501)
(-0.178977 0.602459 0.0263039)
(-0.217246 0.589765 0.0257497)
(-0.254622 0.574648 0.0250897)
(-0.290952 0.557169 0.0243265)
(-0.326086 0.5374 0.0234634)
(-0.35988 0.515424 0.0225039)
(-0.392195 0.491329 0.0214519)
(-0.422899 0.465216 0.0203117)
(-0.451865 0.43719 0.0190881)
(-0.478974 0.407368 0.0177861)
(-0.504115 0.375873 0.016411)
(-0.527184 0.342832 0.0149684)
(-0.548088 0.308383 0.0134643)
(-0.566738 0.272667 0.0119049)
(-0.583061 0.23583 0.0102966)
(-0.596987 0.198025 0.00864594)
(-0.60846 0.159405 0.00695977)
(-0.617432 0.12013 0.00524501)
(-0.623868 0.0803623 0.00350869)
(-0.62774 0.0402639 0.00175796)
(0.692123 0.0443935 0.00193826)
(0.687854 0.0886046 0.00386856)
(0.680759 0.132452 0.00578296)
(0.670866 0.175754 0.0076736)
(0.658216 0.218335 0.0095327)
(0.642862 0.260018 0.0113526)
(0.624866 0.300633 0.0131259)
(0.604302 0.340012 0.0148453)
(0.581255 0.377995 0.0165036)
(0.555819 0.414424 0.0180941)
(0.5281 0.44915 0.0196103)
(0.49821 0.48203 0.0210459)
(0.466273 0.51293 0.022395)
(0.43242 0.541722 0.0236521)
(0.396791 0.568288 0.024812)
(0.35953 0.592518 0.0258699)
(0.320793 0.614314 0.0268215)
(0.280737 0.633586 0.027663)
(0.239527 0.650254 0.0283907)
(0.197334 0.66425 0.0290018)
(0.154329 0.675516 0.0294937)
(0.11069 0.684007 0.0298644)
(0.0665966 0.689687 0.0301124)
(0.0222293 0.692532 0.0302366)
(-0.0222293 0.692532 0.0302366)
(-0.0665966 0.689687 0.0301124)
(-0.11069 0.684007 0.0298644)
(-0.154329 0.675516 0.0294937)
(-0.197334 0.66425 0.0290018)
(-0.239527 0.650254 0.0283907)
(-0.280737 0.633586 0.027663)
(-0.320793 0.614314 0.0268215)
(-0.35953 0.592518 0.0258699)
(-0.396791 0.568288 0.024812)
(-0.43242 0.541722 0.0236521)
(-0.466273 0.51293 0.022395)
(-0.49821 0.48203 0.0210459)
(-0.5281 0.44915 0.0196103)
(-0.555819 0.414424 0.0180941)
(-0.581255 0.377995 0.0165036)
(-0.604302 0.340012 0.0148453)
(-0.624866 0.300633 0.0131259)
(-0.642862 0.260018 0.0113526)
(-0.658216 0.218335 0.0095327)
(-0.670866 0.175754 0.0076736)
(-0.680759 0.132452 0.00578296)
(-0.687854 0.0886046 0.00386856)
(-0.692123 0.0443935 0.00193826)
(0.756507 0.0485231 0.00211857)
(0.751841 0.0968469 0.00422843)
(0.744085 0.144773 0.00632091)
(0.733272 0.192104 0.00838742)
(0.719445 0.238645 0.0104195)
(0.702663 0.284206 0.0124087)
(0.682993 0.328599 0.0143469)
(0.660516 0.371642 0.0162262)
(0.635325 0.413157 0.0180388)
(0.607523 0.452975 0.0197773)
(0.577225 0.490931 0.0214345)
(0.544555 0.52687 0.0230037)
(0.509647 0.560644 0.0244783)
(0.472645 0.592115 0.0258523)
(0.433701 0.621152 0.0271201)
(0.392975 0.647636 0.0282764)
(0.350634 0.67146 0.0293166)
(0.306852 0.692524 0.0302363)
(0.261809 0.710742 0.0310317)
(0.21569 0.72604 0.0316996)
(0.168685 0.738355 0.0322373)
(0.120987 0.747635 0.0326425)
(0.0727916 0.753843 0.0329135)
(0.0242972 0.756954 0.0330493)
(-0.0242972 0.756954 0.0330493)
(-0.0727916 0.753843 0.0329135)
(-0.120987 0.747635 0.0326425)
(-0.168685 0.738355 0.0322373)
(-0.21569 0.72604 0.0316996)
(-0.261809 0.710742 0.0310317)
(-0.306852 0.692524 0.0302363)
(-0.350634 0.67146 0.0293166)
(-0.392975 0.647636 0.0282764)
(-0.433701 0.621152 0.0271201)
(-0.472645 0.592115 0.0258523)
(-0.509647 0.560644 0.0244783)
(-0.544555 0.52687 0.0230037)
(-0.577225 0.490931 0.0214345)
(-0.607523 0.452975 0.0197773)
(-0.635325 0.413157 0.0180388)
(-0.660516 0.371642 0.0162262)
(-0.682993 0.328599 0.0143469)
(-0.702663 0.284206 0.0124087)
(-0.719445 0.238645 0.0104195)
(-0.733272 0.192104 0.00838742)
(-0.744085 0.144773 0.00632091)
(-0.751841 0.0968469 0.00422843)
(-0.756507 0.0485231 0.00211857)
(0.820891 0.0526528 0.00229887)
(0.815827 0.105089 0.00458829)
(0.807412 0.157094 0.00685886)
(0.795678 0.208453 0.00910124)
(0.780675 0.258955 0.0113062)
(0.762464 0.308394 0.0134648)
(0.74112 0.356565 0.0155679)
(0.71673 0.403271 0.0176072)
(0.689395 0.448319 0.019574)
(0.659227 0.491526 0.0214605)
(0.626351 0.532713 0.0232587)
(0.5909 0.57171 0.0249614)
(0.553022 0.608359 0.0265615)
(0.512871 0.642507 0.0280525)
(0.470612 0.674016 0.0294282)
(0.42642 0.702754 0.0306829)
(0.380475 0.728605 0.0318116)
(0.332967 0.751462 0.0328095)
(0.284091 0.771231 0.0336727)
(0.234047 0.787831 0.0343974)
(0.183041 0.801194 0.0349809)
(0.131284 0.811264 0.0354205)
(0.0789867 0.818 0.0357147)
(0.026365 0.821376 0.035862)
(-0.026365 0.821376 0.035862)
(-0.0789867 0.818 0.0357147)
(-0.131284 0.811264 0.0354205)
(-0.183041 0.801194 0.0349809)
(-0.234047 0.787831 0.0343974)
(-0.284091 0.771231 0.0336727)
(-0.332967 0.751462 0.0328095)
(-0.380475 0.728605 0.0318116)
(-0.42642 0.702754 0.0306829)
(-0.470612 0.674016 0.0294282)
(-0.512871 0.642507 0.0280525)
(-0.553022 0.608359 0.0265615)
(-0.5909 0.57171 0.0249614)
(-0.626351 0.532713 0.0232587)
(-0.659227 0.491526 0.0214605)
(-0.689395 0.448319 0.019574)
(-0.71673 0.403271 0.0176072)
(-0.74112 0.356565 0.0155679)
(-0.762464 0.308394 0.0134648)
(-0.780675 0.258955 0.0113062)
(-0.795678 0.208453 0.00910124)
(-0.807412 0.157094 0.00685886)
(-0.815827 0.105089 0.00458829)
(-0.820891 0.0526528 0.00229887)
(0.885274 0.0567824 0.00247917)
(0.879814 0.113331 0.00494816)
(0.870738 0.169415 0.00739681)
(0.858084 0.224802 0.00981507)
(0.841904 0.279265 0.012193)
(0.822265 0.332581 0.0145208)
(0.799247 0.384531 0.016789)
(0.772944 0.4349 0.0189881)
(0.743465 0.483482 0.0211093)
(0.710931 0.530077 0.0231437)
(0.675476 0.574494 0.025083)
(0.637245 0.61655 0.0269192)
(0.596396 0.656073 0.0286448)
(0.553096 0.6929 0.0302527)
(0.507523 0.72688 0.0317363)
(0.459864 0.757872 0.0330894)
(0.410316 0.785751 0.0343066)
(0.359082 0.8104 0.0353828)
(0.306372 0.83172 0.0363137)
(0.252404 0.849622 0.0370953)
(0.197398 0.864032 0.0377245)
(0.141581 0.874892 0.0381986)
(0.0851817 0.882157 0.0385158)
(0.0284329 0.885797 0.0386747)
(-0.0284329 0.885797 0.0386747)
(-0.0851817 0.882157 0.0385158)
(-0.141581 0.874892 0.0381986)
(-0.197398 0.864032 0.0377245)
(-0.252404 0.849622 0.0370953)
(-0.306372 0.83172 0.0363137)
(-0.359082 0.8104 0.0353828)
(-0.410316 0.785751 0.0343066)
(-0.459864 0.757872 0.0330894)
(-0.507523 0.72688 0.0317363)
(-0.553096 0.6929 0.0302527)
(-0.596396 0.656073 0.0286448)
(-0.637245 0.61655 0.0269192)
(-0.675476 0.574494 0.025083)
(-0.710931 0.530077 0.0231437)
(-0.743465 0.483482 0.0211093)
(-0.772944 0.4349 0.0189881)
(-0.799247 0.384531 0.016789)
(-0.822265 0.332581 0.0145208)
(-0.841904 0.279265 0.012193)
(-0.858084 0.224802 0.00981507)
(-0.870738 0.169415 0.00739681)
(-0.879814 0.113331 0.00494816)
(-0.885274 0.0567824 0.00247917)
(0.949658 0.060912 0.00265948)
(0.9438 0.121574 0.00530802)
(0.934064 0.181736 0.00793476)
(0.92049 0.241151 0.0105289)
(0.903134 0.299576 0.0130798)
(0.882066 0.356769 0.0155769)
(0.857374 0.412496 0.01801)
(0.829158 0.466529 0.0203691)
(0.797535 0.518644 0.0226445)
(0.762636 0.568628 0.0248268)
(0.724602 0.616275 0.0269072)
(0.683591 0.66139 0.0288769)
(0.63977 0.703788 0.030728)
(0.593321 0.743293 0.0324529)
(0.544434 0.779744 0.0340443)
(0.493309 0.81299 0.0354959)
(0.440157 0.842896 0.0368016)
(0.385197 0.869339 0.0379561)
(0.328654 0.892209 0.0389547)
(0.27076 0.911412 0.0397931)
(0.211754 0.926871 0.0404681)
(0.151877 0.938521 0.0409767)
(0.0913768 0.946314 0.041317)
(0.0305007 0.950219 0.0414874)
(-0.0305007 0.950219 0.0414874)
(-0.0913768 0.946314 0.041317)
(-0.151877 0.938521 0.0409767)
(-0.211754 0.926871 0.0404681)
(-0.27076 0.911412 0.0397931)
(-0.328654 0.892209 0.0389547)
(-0.385197 0.869339 0.0379561)
(-0.440157 0.842896 0.0368016)
(-0.493309 0.81299 0.0354959)
(-0.544434 0.779744 0.0340443)
(-0.593321 0.743293 0.0324529)
(-0.63977 0.703788 0.030728)
(-0.683591 0.66139 0.0288769)
(-0.724602 0.616275 0.0269072)
(-0.762636 0.568628 0.0248268)
(-0.797535 0.518644 0.0226445)
(-0.829158 0.466529 0.0203691)
(-0.857374 0.412496 0.01801)
(-0.882066 0.356769 0.0155769)
(-0.903134 0.299576 0.0130798)
(-0.92049 0.241151 0.0105289)
(-0.934064 0.181736 0.00793476)
(-0.9438 0.121574 0.00530802)
(-0.949658 0.060912 0.00265948)
(1.01404 0.0650416 0.00283978)
(1.00779 0.129816 0.00566789)
(0.997391 0.194057 0.00847271)
(0.982896 0.2575 0.0112427)
(0.964363 0.319886 0.0139665)
(0.941867 0.380957 0.0166329)
(0.915501 0.440462 0.019231)
(0.885372 0.498158 0.02175)
(0.851606 0.553806 0.0241797)
(0.81434 0.607179 0.02651)
(0.773727 0.658057 0.0287314)
(0.729936 0.70623 0.0308347)
(0.683144 0.751502 0.0328113)
(0.633546 0.793686 0.0346531)
(0.581344 0.832608 0.0363524)
(0.526754 0.868108 0.0379024)
(0.469999 0.900042 0.0392967)
(0.411312 0.928277 0.0405294)
(0.350935 0.952697 0.0415957)
(0.289117 0.973203 0.042491)
(0.22611 0.98971 0.0432117)
(0.162174 1.00215 0.0437548)
(0.0975718 1.01047 0.0441181)
(0.0325685 1.01464 0.0443002)
(-0.0325685 1.01464 0.0443002)
(-0.0975718 1.01047 0.0441181)
(-0.162174 1.00215 0.0437548)
(-0.22611 0.98971 0.0432117)
(-0.289117 0.973203 0.042491)
(-0.350935 0.952697 0.0415957)
(-0.411312 0.928277 0.0405294)
(-0.469999 0.900042 0.0392967)
(-0.526754 0.868108 0.0379024)
(-0.581344 0.832608 0.0363524)
(-0.633546 0.793686 0.0346531)
(-0.683144 0.751502 0.0328113)
(-0.729936 0.70623 0.0308347)
(-0.773727 0.658057 0.0287314)
(-0.81434 0.607179 0.02651)
(-0.851606 0.553806 0.0241797)
(-0.885372 0.498158 0.02175)
(-0.915501 0.440462 0.019231)
(-0.941867 0.380957 0.0166329)
(-0.964363 0.319886 0.0139665)
(-0.982896 0.2575 0.0112427)
(-0.997391 0.194057 0.00847271)
(-1.00779 0.129816 0.00566789)
(-1.01404 0.0650416 0.00283978)
(1.07842 0.0691713 0.00302008)
(1.07177 0.138058 0.00602776)
(1.06072 0.206378 0.00901066)
(1.0453 0.27385 0.0119565)
(1.02559 0.340196 0.0148533)
(1.00167 0.405144 0.017689)
(0.973628 0.468428 0.020452)
(0.941586 0.529787 0.023131)
(0.905676 0.588969 0.0257149)
(0.866044 0.64573 0.0281932)
(0.822853 0.699838 0.0305556)
(0.776281 0.75107 0.0327924)
(0.726519 0.799216 0.0348945)
(0.673771 0.844078 0.0368533)
(0.618255 0.885472 0.0386605)
(0.560198 0.923226 0.0403089)
(0.49984 0.957187 0.0417917)
(0.437427 0.987215 0.0431027)
(0.373217 1.01319 0.0442367)
(0.307473 1.03499 0.0451888)
(0.240466 1.05255 0.0459553)
(0.172471 1.06578 0.0465329)
(0.103767 1.07463 0.0469193)
(0.0346364 1.07906 0.0471129)
(-0.0346364 1.07906 0.0471129)
(-0.103767 1.07463 0.0469193)
(-0.172471 1.06578 0.0465329)
(-0.240466 1.05255 0.0459553)
(-0.307473 1.03499 0.0451888)
(-0.373217 1.01319 0.0442367)
(-0.437427 0.987215 0.0431027)
(-0.49984 0.957187 0.0417917)
(-0.560198 0.923226 0.0403089)
(-0.618255 0.885472 0.0386605)
(-0.673771 0.844078 0.0368533)
(-0.726519 0.799216 0.0348945)
(-0.776281 0.75107 0.0327924)
(-0.822853 0.699838 0.0305556)
(-0.866044 0.64573 0.0281932)
(-0.905676 0.588969 0.0257149)
(-0.941586 0.529787 0.023131)
(-0.973628 0.468428 0.020452)
(-1.00167 0.405144 0.017689)
(-1.02559 0.340196 0.0148533)
(-1.0453 0.27385 0.0119565)
(-1.06072 0.206378 0.00901066)
(-1.07177 0.138058 0.00602776)
(-1.07842 0.0691713 0.00302008)
(1.14281 0.0733009 0.00320039)
(1.13576 0.146301 0.00638762)
(1.12404 0.218699 0.00954861)
(1.10771 0.290199 0.0126704)
(1.08682 0.360506 0.01574)
(1.06147 0.429332 0.018745)
(1.03175 0.496394 0.021673)
(0.9978 0.561416 0.0245119)
(0.959746 0.624131 0.0272501)
(0.917748 0.684281 0.0298764)
(0.871978 0.74162 0.0323798)
(0.822626 0.79591 0.0347502)
(0.769893 0.846931 0.0369778)
(0.713996 0.894471 0.0390534)
(0.655166 0.938336 0.0409686)
(0.593643 0.978344 0.0427154)
(0.529681 1.01433 0.0442867)
(0.463542 1.04615 0.045676)
(0.395499 1.07367 0.0468777)
(0.32583 1.09678 0.0478866)
(0.254822 1.11539 0.0486989)
(0.182768 1.12941 0.0493109)
(0.109962 1.13878 0.0497204)
(0.0367042 1.14348 0.0499256)
(-0.0367042 1.14348 0.0499256)
(-0.109962 1.13878 0.0497204)
(-0.182768 1.12941 0.0493109)
(-0.254822 1.11539 0.0486989)
(-0.32583 1.09678 0.0478866)
(-0.395499 1.07367 0.0468777)
(-0.463542 1.04615 0.045676)
(-0.529681 1.01433 0.0442867)
(-0.593643 0.978344 0.0427154)
(-0.655166 0.938336 0.0409686)
(-0.713996 0.894471 0.0390534)
(-0.769893 0.846931 0.0369778)
(-0.822626 0.79591 0.0347502)
(-0.871978 0.74162 0.0323798)
(-0.917748 0.684281 0.0298764)
(-0.959746 0.624131 0.0272501)
(-0.9978 0.561416 0.0245119)
(-1.03175 0.496394 0.021673)
(-1.06147 0.429332 0.018745)
(-1.08682 0.360506 0.01574)
(-1.10771 0.290199 0.0126704)
(-1.12404 0.218699 0.00954861)
(-1.13576 0.146301 0.00638762)
(-1.14281 0.0733009 0.00320039)
(1.20719 0.0774305 0.00338069)
(1.19975 0.154543 0.00674749)
(1.18737 0.23102 0.0100866)
(1.17011 0.306548 0.0133842)
(1.14805 0.380816 0.0166268)
(1.12127 0.45352 0.0198011)
(1.08988 0.52436 0.022894)
(1.05401 0.593045 0.0258929)
(1.01382 0.659293 0.0287854)
(0.969452 0.722832 0.0315595)
(0.921104 0.783401 0.034204)
(0.868971 0.840751 0.036708)
(0.813267 0.894645 0.0390611)
(0.754222 0.944864 0.0412536)
(0.692077 0.9912 0.0432767)
(0.627088 1.03346 0.0451219)
(0.559522 1.07148 0.0467818)
(0.489657 1.10509 0.0482493)
(0.41778 1.13416 0.0495187)
(0.344187 1.15858 0.0505845)
(0.269179 1.17823 0.0514424)
(0.193064 1.19303 0.052089)
(0.116157 1.20294 0.0525216)
(0.0387721 1.20791 0.0527383)
(-0.0387721 1.20791 0.0527383)
(-0.116157 1.20294 0.0525216)
(-0.193064 1.19303 0.052089)
(-0.269179 1.17823 0.0514424)
(-0.344187 1.15858 0.0505845)
(-0.41778 1.13416 0.0495187)
(-0.489657 1.10509 0.0482493)
(-0.559522 1.07148 0.0467818)
(-0.627088 1.03346 0.0451219)
(-0.692077 0.9912 0.0432767)
(-0.754222 0.944864 0.0412536)
(-0.813267 0.894645 0.0390611)
(-0.868971 0.840751 0.036708)
(-0.921104 0.783401 0.034204)
(-0.969452 0.722832 0.0315595)
(-1.01382 0.659293 0.0287854)
(-1.05401 0.593045 0.0258929)
(-1.08988 0.52436 0.022894)
(-1.12127 0.45352 0.0198011)
(-1.14805 0.380816 0.0166268)
(-1.17011 0.306548 0.0133842)
(-1.18737 0.23102 0.0100866)
(-1.19975 0.154543 0.00674749)
(-1.20719 0.0774305 0.00338069)
(1.27158 0.0815602 0.00356099)
(1.26373 0.162785 0.00710735)
(1.2507 0.243341 0.0106245)
(1.23252 0.322897 0.014098)
(1.20928 0.401127 0.0175136)
(1.18107 0.477708 0.0208572)
(1.14801 0.552326 0.0241151)
(1.11023 0.624674 0.0272739)
(1.06789 0.694455 0.0303206)
(1.02116 0.761383 0.0332427)
(0.97023 0.825182 0.0360282)
(0.915316 0.885591 0.0386657)
(0.856641 0.94236 0.0411443)
(0.794447 0.995256 0.0434538)
(0.728987 1.04406 0.0455848)
(0.660532 1.08858 0.0475284)
(0.589363 1.12862 0.0492768)
(0.515772 1.16403 0.0508226)
(0.440062 1.19465 0.0521596)
(0.362543 1.22037 0.0532823)
(0.283535 1.24106 0.054186)
(0.203361 1.25666 0.0548671)
(0.122352 1.2671 0.0553227)
(0.0408399 1.27233 0.055551)
(-0.0408399 1.27233 0.055551)
(-0.122352 1.2671 0.0553227)
(-0.203361 1.25666 0.0548671)
(-0.283535 1.24106 0.054186)
(-0.362543 1.22037 0.0532823)
(-0.440062 1.19465 0.0521596)
(-0.515772 1.16403 0.0508226)
(-0.589363 1.12862 0.0492768)
(-0.660532 1.08858 0.0475284)
(-0.728987 1.04406 0.0455848)
(-0.794447 0.995256 0.0434538)
(-0.856641 0.94236 0.0411443)
(-0.915316 0.885591 0.0386657)
(-0.97023 0.825182 0.0360282)
(-1.02116 0.761383 0.0332427)
(-1.06789 0.694455 0.0303206)
(-1.11023 0.624674 0.0272739)
(-1.14801 0.552326 0.0241151)
(-1.18107 0.477708 0.0208572)
(-1.20928 0.401127 0.0175136)
(-1.23252 0.322897 0.014098)
(-1.2507 0.243341 0.0106245)
(-1.26373 0.162785 0.00710735)
(-1.27158 0.0815602 0.00356099)
(1.33596 0.0856898 0.0037413)
(1.32772 0.171027 0.00746722)
(1.31402 0.255662 0.0111625)
(1.29493 0.339247 0.0148118)
(1.27051 0.421437 0.0184003)
(1.24087 0.501895 0.0219132)
(1.20614 0.580292 0.0253361)
(1.16644 0.656303 0.0286548)
(1.12196 0.729618 0.0318558)
(1.07286 0.799934 0.0349259)
(1.01936 0.866964 0.0378525)
(0.961661 0.930431 0.0406235)
(0.900016 0.990074 0.0432276)
(0.834672 1.04565 0.045654)
(0.765898 1.09693 0.0478929)
(0.693977 1.1437 0.0499349)
(0.619204 1.18577 0.0517718)
(0.541887 1.22297 0.0533959)
(0.462344 1.25514 0.0548006)
(0.3809 1.28216 0.0559802)
(0.297891 1.3039 0.0569296)
(0.213658 1.32029 0.0576452)
(0.128547 1.33126 0.0581239)
(0.0429078 1.33675 0.0583637)
(-0.0429078 1.33675 0.0583637)
(-0.128547 1.33126 0.0581239)
(-0.213658 1.32029 0.0576452)
(-0.297891 1.3039 0.0569296)
(-0.3809 1.28216 0.0559802)
(-0.462344 1.25514 0.0548006)
(-0.541887 1.22297 0.0533959)
(-0.619204 1.18577 0.0517718)
(-0.693977 1.1437 0.0499349)
(-0.765898 1.09693 0.0478929)
(-0.834672 1.04565 0.045654)
(-0.900016 0.990074 0.0432276)
(-0.961661 0.930431 0.0406235)
(-1.01936 0.866964 0.0378525)
(-1.07286 0.799934 0.0349259)
(-1.12196 0.729618 0.0318558)
(-1.16644 0.656303 0.0286548)
(-1.20614 0.580292 0.0253361)
(-1.24087 0.501895 0.0219132)
(-1.27051 0.421437 0.0184003)
(-1.29493 0.339247 0.0148118)
(-1.31402 0.255662 0.0111625)
(-1.32772 0.171027 0.00746722)
(-1.33596 0.0856898 0.0037413)
(1.40034 0.0898194 0.0039216)
(1.39171 0.17927 0.00782709)
(1.37735 0.267983 0.0117004)
(1.35733 0.355596 0.0155257)
(1.33174 0.441747 0.0192871)
(1.30067 0.526083 0.0229693)
(1.26426 0.608257 0.0265571)
(1.22266 0.687932 0.0300358)
(1.17603 0.76478 0.033391)
(1.12456 0.838485 0.0366091)
(1.06848 0.908745 0.0396767)
(1.00801 0.975271 0.0425812)
(0.94339 1.03779 0.0453108)
(0.874897 1.09604 0.0478542)
(0.802809 1.14979 0.050201)
(0.727422 1.19882 0.0523414)
(0.649046 1.24291 0.0542668)
(0.568002 1.28191 0.0559692)
(0.484625 1.31563 0.0574416)
(0.399256 1.34395 0.058678)
(0.312247 1.36674 0.0596732)
(0.223955 1.38392 0.0604233)
(0.134742 1.39541 0.060925)
(0.0449756 1.40117 0.0611764)
(-0.0449756 1.40117 0.0611764)
(-0.134742 1.39541 0.060925)
(-0.223955 1.38392 0.0604233)
(-0.312247 1.36674 0.0596732)
(-0.399256 1.34395 0.058678)
(-0.484625 1.31563 0.0574416)
(-0.568002 1.28191 0.0559692)
(-0.649046 1.24291 0.0542668)
(-0.727422 1.19882 0.0523414)
(-0.802809 1.14979 0.050201)
(-0.874897 1.09604 0.0478542)
(-0.94339 1.03779 0.0453108)
(-1.00801 0.975271 0.0425812)
(-1.06848 0.908745 0.0396767)
(-1.12456 0.838485 0.0366091)
(-1.17603 0.76478 0.033391)
(-1.22266 0.687932 0.0300358)
(-1.26426 0.608257 0.0265571)
(-1.30067 0.526083 0.0229693)
(-1.33174 0.441747 0.0192871)
(-1.35733 0.355596 0.0155257)
(-1.37735 0.267983 0.0117004)
(-1.39171 0.17927 0.00782709)
(-1.40034 0.0898194 0.0039216)
(1.46473 0.093949 0.0041019)
(1.45569 0.187512 0.00818695)
(1.44068 0.280304 0.0122384)
(1.41974 0.371945 0.0162395)
(1.39297 0.462057 0.0201739)
(1.36047 0.550271 0.0240253)
(1.32239 0.636223 0.0277781)
(1.27887 0.719561 0.0314167)
(1.2301 0.799942 0.0349262)
(1.17627 0.877036 0.0382922)
(1.11761 0.950526 0.0415009)
(1.05435 1.02011 0.044539)
(0.986764 1.0855 0.0473941)
(0.915122 1.14643 0.0500544)
(0.83972 1.20266 0.0525091)
(0.760867 1.25393 0.054748)
(0.678887 1.30006 0.0567619)
(0.594117 1.34084 0.0585425)
(0.506907 1.37612 0.0600826)
(0.417613 1.40574 0.0613758)
(0.326603 1.42958 0.0624168)
(0.234251 1.44755 0.0632014)
(0.140937 1.45957 0.0637262)
(0.0470434 1.46559 0.0639891)
(-0.0470434 1.46559 0.0639891)
(-0.140937 1.45957 0.0637262)
(-0.234251 1.44755 0.0632014)
(-0.326603 1.42958 0.0624168)
(-0.417613 1.40574 0.0613758)
(-0.506907 1.37612 0.0600826)
(-0.594117 1.34084 0.0585425)
(-0.678887 1.30006 0.0567619)
(-0.760867 1.25393 0.054748)
(-0.83972 1.20266 0.0525091)
(-0.915122 1.14643 0.0500544)
(-0.986764 1.0855 0.0473941)
(-1.05435 1.02011 0.044539)
(-1.11761 0.950526 0.0415009)
(-1.17627 0.877036 0.0382922)
(-1.2301 0.799942 0.0349262)
(-1.27887 0.719561 0.0314167)
(-1.32239 0.636223 0.0277781)
(-1.36047 0.550271 0.0240253)
(-1.39297 0.462057 0.0201739)
(-1.41974 0.371945 0.0162395)
(-1.44068 0.280304 0.0122384)
(-1.45569 0.187512 0.00818695)
(-1.46473 0.093949 0.0041019)
(1.52911 0.0980787 0.00428221)
(1.51968 0.195754 0.00854682)
(1.504 0.292626 0.0127763)
(1.48215 0.388294 0.0169533)
(1.4542 0.482368 0.0210606)
(1.42028 0.574459 0.0250814)
(1.38052 0.664189 0.0289991)
(1.33509 0.75119 0.0327977)
(1.28417 0.835105 0.0364615)
(1.22797 0.915587 0.0399754)
(1.16673 0.992308 0.0433251)
(1.1007 1.06495 0.0464967)
(1.03014 1.13322 0.0494773)
(0.955347 1.19683 0.0522546)
(0.87663 1.25552 0.0548172)
(0.794311 1.30905 0.0571545)
(0.708728 1.35721 0.0592569)
(0.620233 1.39978 0.0611158)
(0.529188 1.43661 0.0627236)
(0.43597 1.46753 0.0640737)
(0.340959 1.49242 0.0651604)
(0.244548 1.51118 0.0659794)
(0.147132 1.52373 0.0665273)
(0.0491113 1.53001 0.0668018)
(-0.0491113 1.53001 0.0668018)
(-0.147132 1.52373 0.0665273)
(-0.244548 1.51118 0.0659794)
(-0.340959 1.49242 0.0651604)
(-0.43597 1.46753 0.0640737)
(-0.529188 1.43661 0.0627236)
(-0.620233 1.39978 0.0611158)
(-0.708728 1.35721 0.0592569)
(-0.794311 1.30905 0.0571545)
(-0.87663 1.25552 0.0548172)
(-0.955347 1.19683 0.0522546)
(-1.03014 1.13322 0.0494773)
(-1.1007 1.06495 0.0464967)
(-1.16673 0.992308 0.0433251)
(-1.22797 0.915587 0.0399754)
(-1.28417 0.835105 0.0364615)
(-1.33509 0.75119 0.0327977)
(-1.38052 0.664189 0.0289991)
(-1.42028 0.574459 0.0250814)
(-1.4542 0.482368 0.0210606)
(-1.48215 0.388294 0.0169533)
(-1.504 0.292626 0.0127763)
(-1.51968 0.195754 0.00854682)
(-1.52911 0.0980787 0.00428221)
(1.59349 0.102208 0.00446251)
(1.58366 0.203997 0.00890668)
(1.56733 0.304947 0.0133143)
(1.54455 0.404644 0.0176671)
(1.51543 0.502678 0.0219474)
(1.48008 0.598646 0.0261375)
(1.43864 0.692155 0.0302201)
(1.3913 0.782819 0.0341786)
(1.33824 0.870267 0.0379967)
(1.27968 0.954138 0.0416586)
(1.21586 1.03409 0.0451493)
(1.14704 1.10979 0.0484545)
(1.07351 1.18093 0.0515606)
(0.995572 1.24722 0.0544548)
(0.913541 1.30838 0.0571253)
(0.827756 1.36417 0.059561)
(0.738569 1.41435 0.0617519)
(0.646348 1.45872 0.0636891)
(0.55147 1.4971 0.0653646)
(0.454326 1.52932 0.0667715)
(0.355316 1.55526 0.067904)
(0.254845 1.57481 0.0687575)
(0.153327 1.58788 0.0693285)
(0.0511791 1.59443 0.0696145)
(-0.0511791 1.59443 0.0696145)
(-0.153327 1.58788 0.0693285)
(-0.254845 1.57481 0.0687575)
(-0.355316 1.55526 0.067904)
(-0.454326 1.52932 0.0667715)
(-0.55147 1.4971 0.0653646)
(-0.646348 1.45872 0.0636891)
(-0.738569 1.41435 0.0617519)
(-0.827756 1.36417 0.059561)
(-0.913541 1.30838 0.0571253)
(-0.995572 1.24722 0.0544548)
(-1.07351 1.18093 0.0515606)
(-1.14704 1.10979 0.0484545)
(-1.21586 1.03409 0.0451493)
(-1.27968 0.954138 0.0416586)
(-1.33824 0.870267 0.0379967)
(-1.3913 0.782819 0.0341786)
(-1.43864 0.692155 0.0302201)
(-1.48008 0.598646 0.0261375)
(-1.51543 0.502678 0.0219474)
(-1.54455 0.404644 0.0176671)
(-1.56733 0.304947 0.0133143)
(-1.58366 0.203997 0.00890668)
(-1.59349 0.102208 0.00446251)
(1.65788 0.106338 0.00464281)
(1.64765 0.212239 0.00926655)
(1.63065 0.317268 0.0138522)
(1.60696 0.420993 0.0183809)
(1.57666 0.522988 0.0228341)
(1.53988 0.622834 0.0271935)
(1.49677 0.720121 0.0314412)
(1.44751 0.814448 0.0355596)
(1.39231 0.905429 0.0395319)
(1.33138 0.99269 0.0433418)
(1.26498 1.07587 0.0469735)
(1.19339 1.15463 0.0504123)
(1.11689 1.22865 0.0536438)
(1.0358 1.29761 0.056655)
(0.950452 1.36125 0.0594333)
(0.861201 1.41929 0.0619675)
(0.76841 1.4715 0.0642469)
(0.672463 1.51766 0.0662624)
(0.573752 1.55758 0.0680056)
(0.472683 1.59111 0.0694694)
(0.369672 1.6181 0.0706476)
(0.265142 1.63843 0.0715356)
(0.159522 1.65204 0.0721296)
(0.053247 1.65886 0.0724272)
(-0.053247 1.65886 0.0724272)
(-0.159522 1.65204 0.0721296)
(-0.265142 1.63843 0.0715356)
(-0.369672 1.6181 0.0706476)
(-0.472683 1.59111 0.0694694)
(-0.573752 1.55758 0.0680056)
(-0.672463 1.51766 0.0662624)
(-0.76841 1.4715 0.0642469)
(-0.861201 1.41929 0.0619675)
(-0.950452 1.36125 0.0594333)
(-1.0358 1.29761 0.056655)
(-1.11689 1.22865 0.0536438)
(-1.19339 1.15463 0.0504123)
(-1.26498 1.07587 0.0469735)
(-1.33138 0.99269 0.0433418)
(-1.39231 0.905429 0.0395319)
(-1.44751 0.814448 0.0355596)
(-1.49677 0.720121 0.0314412)
(-1.53988 0.622834 0.0271935)
(-1.57666 0.522988 0.0228341)
(-1.60696 0.420993 0.0183809)
(-1.63065 0.317268 0.0138522)
(-1.64765 0.212239 0.00926655)
(-1.65788 0.106338 0.00464281)
(1.72226 0.110468 0.00482312)
(1.71164 0.220481 0.00962642)
(1.69398 0.329589 0.0143902)
(1.66936 0.437342 0.0190948)
(1.63789 0.543298 0.0237209)
(1.59968 0.647022 0.0282496)
(1.5549 0.748087 0.0326622)
(1.50373 0.846077 0.0369405)
(1.44638 0.940592 0.0410671)
(1.38308 1.03124 0.0450249)
(1.31411 1.11765 0.0487977)
(1.23973 1.19947 0.05237)
(1.16026 1.27636 0.0557271)
(1.07602 1.34801 0.0588552)
(0.987363 1.41411 0.0617414)
(0.894645 1.47441 0.064374)
(0.798252 1.52864 0.066742)
(0.698578 1.5766 0.0688357)
(0.596033 1.61807 0.0706466)
(0.49104 1.6529 0.0721672)
(0.384028 1.68094 0.0733912)
(0.275439 1.70206 0.0743137)
(0.165717 1.7162 0.0749308)
(0.0553148 1.72328 0.0752399)
(-0.0553148 1.72328 0.0752399)
(-0.165717 1.7162 0.0749308)
(-0.275439 1.70206 0.0743137)
(-0.384028 1.68094 0.0733912)
(-0.49104 1.6529 0.0721672)
(-0.596033 1.61807 0.0706466)
(-0.698578 1.5766 0.0688357)
(-0.798252 1.52864 0.066742)
(-0.894645 1.47441 0.064374)
(-0.987363 1.41411 0.0617414)
(-1.07602 1.34801 0.0588552)
(-1.16026 1.27636 0.0557271)
(-1.23973 1.19947 0.05237)
(-1.31411 1.11765 0.0487977)
(-1.38308 1.03124 0.0450249)
(-1.44638 0.940592 0.0410671)
(-1.50373 0.846077 0.0369405)
(-1.5549 0.748087 0.0326622)
(-1.59968 0.647022 0.0282496)
(-1.63789 0.543298 0.0237209)
(-1.66936 0.437342 0.0190948)
(-1.69398 0.329589 0.0143902)
(-1.71164 0.220481 0.00962642)
(-1.72226 0.110468 0.00482312)
(1.78664 0.114597 0.00500342)
(1.77562 0.228723 0.00998628)
(1.75731 0.34191 0.0149281)
(1.73177 0.453691 0.0198086)
(1.69912 0.563608 0.0246077)
(1.65948 0.67121 0.0293056)
(1.61302 0.776053 0.0338832)
(1.55994 0.877707 0.0383215)
(1.50045 0.975754 0.0426023)
(1.43479 1.06979 0.0467081)
(1.36323 1.15943 0.050622)
(1.28608 1.24431 0.0543278)
(1.20364 1.32407 0.0578104)
(1.11625 1.3984 0.0610554)
(1.02427 1.46698 0.0640495)
(0.92809 1.52952 0.0667805)
(0.828093 1.58579 0.069237)
(0.724693 1.63554 0.071409)
(0.618315 1.67856 0.0732876)
(0.509396 1.71469 0.074865)
(0.398384 1.74377 0.0761348)
(0.285735 1.76569 0.0770918)
(0.171912 1.78035 0.0777319)
(0.0573827 1.7877 0.0780527)
(-0.0573827 1.7877 0.0780527)
(-0.171912 1.78035 0.0777319)
(-0.285735 1.76569 0.0770918)
(-0.398384 1.74377 0.0761348)
(-0.509396 1.71469 0.074865)
(-0.618315 1.67856 0.0732876)
(-0.724693 1.63554 0.071409)
(-0.828093 1.58579 0.069237)
(-0.92809 1.52952 0.0667805)
(-1.02427 1.46698 0.0640495)
(-1.11625 1.3984 0.0610554)
(-1.20364 1.32407 0.0578104)
(-1.28608 1.24431 0.0543278)
(-1.36323 1.15943 0.050622)
(-1.43479 1.06979 0.0467081)
(-1.50045 0.975754 0.0426023)
(-1.55994 0.877707 0.0383215)
(-1.61302 0.776053 0.0338832)
(-1.65948 0.67121 0.0293056)
(-1.69912 0.563608 0.0246077)
(-1.73177 0.453691 0.0198086)
(-1.75731 0.34191 0.0149281)
(-1.77562 0.228723 0.00998628)
(-1.78664 0.114597 0.00500342)
(1.85103 0.118727 0.00518372)
(1.83961 0.236966 0.0103461)
(1.82063 0.354231 0.0154661)
(1.79418 0.470041 0.0205224)
(1.76035 0.583919 0.0254944)
(1.71928 0.695397 0.0303617)
(1.67115 0.804018 0.0351042)
(1.61616 0.909336 0.0397024)
(1.55452 1.01092 0.0441376)
(1.48649 1.10834 0.0483913)
(1.41236 1.20121 0.0524462)
(1.33242 1.28915 0.0562855)
(1.24701 1.37179 0.0598936)
(1.15647 1.44879 0.0632556)
(1.06118 1.51984 0.0663576)
(0.961535 1.58464 0.069187)
(0.857934 1.64293 0.071732)
(0.750808 1.69447 0.0739823)
(0.640596 1.73905 0.0759286)
(0.527753 1.77648 0.0775629)
(0.41274 1.80661 0.0788784)
(0.296032 1.82932 0.0798698)
(0.178107 1.84451 0.0805331)
(0.0594505 1.85212 0.0808654)
(-0.0594505 1.85212 0.0808654)
(-0.178107 1.84451 0.0805331)
(-0.296032 1.82932 0.0798698)
(-0.41274 1.80661 0.0788784)
(-0.527753 1.77648 0.0775629)
(-0.640596 1.73905 0.0759286)
(-0.750808 1.69447 0.0739823)
(-0.857934 1.64293 0.071732)
(-0.961535 1.58464 0.069187)
(-1.06118 1.51984 0.0663576)
(-1.15647 1.44879 0.0632556)
(-1.24701 1.37179 0.0598936)
(-1.33242 1.28915 0.0562855)
(-1.41236 1.20121 0.0524462)
(-1.48649 1.10834 0.0483913)
(-1.55452 1.01092 0.0441376)
(-1.61616 0.909336 0.0397024)
(-1.67115 0.804018 0.0351042)
(-1.71928 0.695397 0.0303617)
(-1.76035 0.583919 0.0254944)
(-1.79418 0.470041 0.0205224)
(-1.82063 0.354231 0.0154661)
(-1.83961 0.236966 0.0103461)
(-1.85103 0.118727 0.00518372)
(1.91541 0.122856 0.00536403)
(1.9036 0.245208 0.010706)
(1.88396 0.366552 0.016004)
(1.85658 0.48639 0.0212362)
(1.82157 0.604229 0.0263812)
(1.77908 0.719585 0.0314178)
(1.72928 0.831984 0.0363252)
(1.67237 0.940965 0.0410834)
(1.60859 1.04608 0.0456728)
(1.5382 1.14689 0.0500745)
(1.46148 1.243 0.0542704)
(1.37877 1.33399 0.0582433)
(1.29038 1.4195 0.0619769)
(1.1967 1.49918 0.0654558)
(1.09809 1.5727 0.0686657)
(0.994979 1.63976 0.0715935)
(0.887775 1.70008 0.0742271)
(0.776923 1.75341 0.0765556)
(0.662878 1.79954 0.0785696)
(0.546109 1.83827 0.0802607)
(0.427097 1.86945 0.081622)
(0.306329 1.89295 0.0826479)
(0.184302 1.90867 0.0833342)
(0.0615184 1.91654 0.0836781)
(-0.0615184 1.91654 0.0836781)
(-0.184302 1.90867 0.0833342)
(-0.306329 1.89295 0.0826479)
(-0.427097 1.86945 0.081622)
(-0.546109 1.83827 0.0802607)
(-0.662878 1.79954 0.0785696)
(-0.776923 1.75341 0.0765556)
(-0.887775 1.70008 0.0742271)
(-0.994979 1.63976 0.0715935)
(-1.09809 1.5727 0.0686657)
(-1.1967 1.49918 0.0654558)
(-1.29038 1.4195 0.0619769)
(-1.37877 1.33399 0.0582433)
(-1.46148 1.243 0.0542704)
(-1.5382 1.14689 0.0500745)
(-1.60859 1.04608 0.0456728)
(-1.67237 0.940965 0.0410834)
(-1.72928 0.831984 0.0363252)
(-1.77908 0.719585 0.0314178)
(-1.82157 0.604229 0.0263812)
(-1.85658 0.48639 0.0212362)
(-1.88396 0.366552 0.016004)
(-1.9036 0.245208 0.010706)
(-1.91541 0.122856 0.00536403)
(1.97979 0.126986 0.00554433)
(1.96758 0.25345 0.0110659)
(1.94729 0.378873 0.016542)
(1.91899 0.502739 0.0219501)
(1.8828 0.624539 0.027268)
(1.83888 0.743773 0.0324738)
(1.78741 0.85995 0.0375462)
(1.72858 0.972594 0.0424644)
(1.66266 1.08124 0.047208)
(1.5899 1.18544 0.0517576)
(1.51061 1.28478 0.0560946)
(1.42511 1.37883 0.0602011)
(1.33376 1.46722 0.0640601)
(1.23692 1.54958 0.067656)
(1.13501 1.62557 0.0709738)
(1.02842 1.69488 0.074)
(0.917616 1.75722 0.0767221)
(0.803038 1.81235 0.0791289)
(0.68516 1.86003 0.0812106)
(0.564466 1.90006 0.0829585)
(0.441453 1.93229 0.0843656)
(0.316626 1.95658 0.085426)
(0.190497 1.97282 0.0861354)
(0.0635862 1.98096 0.0864908)
(-0.0635862 1.98096 0.0864908)
(-0.190497 1.97282 0.0861354)
(-0.316626 1.95658 0.085426)
(-0.441453 1.93229 0.0843656)
(-0.564466 1.90006 0.0829585)
(-0.68516 1.86003 0.0812106)
(-0.803038 1.81235 0.0791289)
(-0.917616 1.75722 0.0767221)
(-1.02842 1.69488 0.074)
(-1.13501 1.62557 0.0709738)
(-1.23692 1.54958 0.067656)
(-1.33376 1.46722 0.0640601)
(-1.42511 1.37883 0.0602011)
(-1.51061 1.28478 0.0560946)
(-1.5899 1.18544 0.0517576)
(-1.66266 1.08124 0.047208)
(-1.72858 0.972594 0.0424644)
(-1.78741 0.85995 0.0375462)
(-1.83888 0.743773 0.0324738)
(-1.8828 0.624539 0.027268)
(-1.91899 0.502739 0.0219501)
(-1.94729 0.378873 0.016542)
(-1.96758 0.25345 0.0110659)
(-1.97979 0.126986 0.00554433)
(2.04418 0.131116 0.00572464)
(2.03157 0.261693 0.0114257)
(2.01061 0.391194 0.0170799)
(1.98139 0.519088 0.0226639)
(1.94403 0.644849 0.0281547)
(1.89868 0.76796 0.0335299)
(1.84553 0.887916 0.0387672)
(1.7848 1.00422 0.0438453)
(1.71673 1.1164 0.0487432)
(1.64161 1.224 0.0534408)
(1.55974 1.32656 0.0579188)
(1.47146 1.42367 0.0621588)
(1.37713 1.51493 0.0661434)
(1.27715 1.59997 0.0698562)
(1.17192 1.67843 0.0732819)
(1.06187 1.75 0.0764065)
(0.947457 1.81437 0.0792171)
(0.829153 1.87129 0.0817022)
(0.707441 1.92052 0.0838516)
(0.582823 1.96185 0.0856564)
(0.455809 1.99513 0.0871092)
(0.326922 2.02021 0.0882041)
(0.196692 2.03698 0.0889365)
(0.065654 2.04539 0.0893035)
(-0.065654 2.04539 0.0893035)
(-0.196692 2.03698 0.0889365)
(-0.326922 2.02021 0.0882041)
(-0.455809 1.99513 0.0871092)
(-0.582823 1.96185 0.0856564)
(-0.707441 1.92052 0.0838516)
(-0.829153 1.87129 0.0817022)
(-0.947457 1.81437 0.0792171)
(-1.06187 1.75 0.0764065)
(-1.17192 1.67843 0.0732819)
(-1.27715 1.59997 0.0698562)
(-1.37713 1.51493 0.0661434)
(-1.47146 1.42367 0.0621588)
(-1.55974 1.32656 0.0579188)
(-1.64161 1.224 0.0534408)
(-1.71673 1.1164 0.0487432)
(-1.7848 1.00422 0.0438453)
(-1.84553 0.887916 0.0387672)
(-1.89868 0.76796 0.0335299)
(-1.94403 0.644849 0.0281547)
(-1.98139 0.519088 0.0226639)
(-2.01061 0.391194 0.0170799)
(-2.03157 0.261693 0.0114257)
(-2.04418 0.131116 0.00572464)
(2.10856 0.135245 0.00590494)
(2.09556 0.269935 0.0117856)
(2.07394 0.403515 0.0176179)
(2.0438 0.535437 0.0233777)
(2.00526 0.665159 0.0290415)
(1.95849 0.792148 0.0345859)
(1.90366 0.915882 0.0399883)
(1.84101 1.03585 0.0452263)
(1.7708 1.15157 0.0502784)
(1.69331 1.26255 0.055124)
(1.60886 1.36834 0.059743)
(1.5178 1.46851 0.0641166)
(1.42051 1.56265 0.0682266)
(1.31737 1.65036 0.0720564)
(1.20883 1.7313 0.07559)
(1.09531 1.80511 0.078813)
(0.977299 1.87152 0.0817121)
(0.855268 1.93023 0.0842755)
(0.729723 1.98101 0.0864926)
(0.601179 2.02364 0.0883542)
(0.470165 2.05797 0.0898528)
(0.337219 2.08383 0.0909822)
(0.202887 2.10114 0.0917377)
(0.0677219 2.10981 0.0921162)
(-0.0677219 2.10981 0.0921162)
(-0.202887 2.10114 0.0917377)
(-0.337219 2.08383 0.0909822)
(-0.470165 2.05797 0.0898528)
(-0.601179 2.02364 0.0883542)
(-0.729723 1.98101 0.0864926)
(-0.855268 1.93023 0.0842755)
(-0.977299 1.87152 0.0817121)
(-1.09531 1.80511 0.078813)
(-1.20883 1.7313 0.07559)
(-1.31737 1.65036 0.0720564)
(-1.42051 1.56265 0.0682266)
(-1.5178 1.46851 0.0641166)
(-1.60886 1.36834 0.059743)
(-1.69331 1.26255 0.055124)
(-1.7708 1.15157 0.0502784)
(-1.84101 1.03585 0.0452263)
(-1.90366 0.915882 0.0399883)
(-1.95849 0.792148 0.0345859)
(-2.00526 0.665159 0.0290415)
(-2.0438 0.535437 0.0233777)
(-2.07394 0.403515 0.0176179)
(-2.09556 0.269935 0.0117856)
(-2.10856 0.135245 0.00590494)
(2.17295 0.139375 0.00608524)
(2.15954 0.278177 0.0121455)
(2.13727 0.415836 0.0181558)
(2.10621 0.551787 0.0240915)
(2.06649 0.68547 0.0299283)
(2.01829 0.816336 0.035642)
(1.96179 0.943848 0.0412093)
(1.89723 1.06748 0.0466072)
(1.82487 1.18673 0.0518136)
(1.74501 1.3011 0.0568072)
(1.65799 1.41012 0.0615672)
(1.56415 1.51335 0.0660743)
(1.46388 1.61036 0.0703099)
(1.3576 1.70075 0.0742566)
(1.24574 1.78416 0.0778981)
(1.12876 1.86023 0.0812195)
(1.00714 1.92866 0.0842072)
(0.881383 1.98916 0.0868488)
(0.752005 2.04149 0.0891336)
(0.619536 2.08544 0.0910521)
(0.484521 2.12081 0.0925964)
(0.347516 2.14746 0.0937603)
(0.209082 2.16529 0.0945388)
(0.0697897 2.17423 0.0949289)
(-0.0697897 2.17423 0.0949289)
(-0.209082 2.16529 0.0945388)
(-0.347516 2.14746 0.0937603)
(-0.484521 2.12081 0.0925964)
(-0.619536 2.08544 0.0910521)
(-0.752005 2.04149 0.0891336)
(-0.881383 1.98916 0.0868488)
(-1.00714 1.92866 0.0842072)
(-1.12876 1.86023 0.0812195)
(-1.24574 1.78416 0.0778981)
(-1.3576 1.70075 0.0742566)
(-1.46388 1.61036 0.0703099)
(-1.56415 1.51335 0.0660743)
(-1.65799 1.41012 0.0615672)
(-1.74501 1.3011 0.0568072)
(-1.82487 1.18673 0.0518136)
(-1.89723 1.06748 0.0466072)
(-1.96179 0.943848 0.0412093)
(-2.01829 0.816336 0.035642)
(-2.06649 0.68547 0.0299283)
(-2.10621 0.551787 0.0240915)
(-2.13727 0.415836 0.0181558)
(-2.15954 0.278177 0.0121455)
(-2.17295 0.139375 0.00608524)
(2.23733 0.143505 0.00626555)
(2.22353 0.286419 0.0125053)
(2.20059 0.428157 0.0186938)
(2.16861 0.568136 0.0248054)
(2.12772 0.70578 0.030815)
(2.07809 0.840524 0.0366981)
(2.01991 0.971814 0.0424303)
(1.95344 1.09911 0.0479882)
(1.87894 1.22189 0.0533489)
(1.79672 1.33965 0.0584903)
(1.70711 1.4519 0.0633915)
(1.61049 1.55819 0.0680321)
(1.50726 1.65808 0.0723932)
(1.39782 1.75115 0.0764567)
(1.28265 1.83702 0.0802062)
(1.1622 1.91535 0.083626)
(1.03698 1.98581 0.0867022)
(0.907498 2.0481 0.0894221)
(0.774286 2.10198 0.0917746)
(0.637892 2.14723 0.0937499)
(0.498878 2.18365 0.09534)
(0.357813 2.21109 0.0965383)
(0.215277 2.22945 0.09734)
(0.0718576 2.23865 0.0977416)
(-0.0718576 2.23865 0.0977416)
(-0.215277 2.22945 0.09734)
(-0.357813 2.21109 0.0965383)
(-0.498878 2.18365 0.09534)
(-0.637892 2.14723 0.0937499)
(-0.774286 2.10198 0.0917746)
(-0.907498 2.0481 0.0894221)
(-1.03698 1.98581 0.0867022)
(-1.1622 1.91535 0.083626)
(-1.28265 1.83702 0.0802062)
(-1.39782 1.75115 0.0764567)
(-1.50726 1.65808 0.0723932)
(-1.61049 1.55819 0.0680321)
(-1.70711 1.4519 0.0633915)
(-1.79672 1.33965 0.0584903)
(-1.87894 1.22189 0.0533489)
(-1.95344 1.09911 0.0479882)
(-2.01991 0.971814 0.0424303)
(-2.07809 0.840524 0.0366981)
(-2.12772 0.70578 0.030815)
(-2.16861 0.568136 0.0248054)
(-2.20059 0.428157 0.0186938)
(-2.22353 0.286419 0.0125053)
(-2.23733 0.143505 0.00626555)
(2.30171 0.147634 0.00644585)
(2.28752 0.294662 0.0128652)
(2.26392 0.440478 0.0192317)
(2.23102 0.584485 0.0255192)
(2.18895 0.72609 0.0317018)
(2.13789 0.864711 0.0377541)
(2.07804 0.999779 0.0436513)
(2.00965 1.13074 0.0493691)
(1.93301 1.25705 0.0548841)
(1.84842 1.3782 0.0601735)
(1.75624 1.49368 0.0652157)
(1.65684 1.60303 0.0699898)
(1.55063 1.70579 0.0744764)
(1.43805 1.80154 0.0786569)
(1.31956 1.88989 0.0825143)
(1.19565 1.97047 0.0860325)
(1.06682 2.04295 0.0891972)
(0.933613 2.10704 0.0919954)
(0.796568 2.16247 0.0944156)
(0.656249 2.20902 0.0964477)
(0.513234 2.24648 0.0980836)
(0.368109 2.27472 0.0993164)
(0.221472 2.29361 0.100141)
(0.0739254 2.30307 0.100554)
(-0.0739254 2.30307 0.100554)
(-0.221472 2.29361 0.100141)
(-0.368109 2.27472 0.0993164)
(-0.513234 2.24648 0.0980836)
(-0.656249 2.20902 0.0964477)
(-0.796568 2.16247 0.0944156)
(-0.933613 2.10704 0.0919954)
(-1.06682 2.04295 0.0891972)
(-1.19565 1.97047 0.0860325)
(-1.31956 1.88989 0.0825143)
(-1.43805 1.80154 0.0786569)
(-1.55063 1.70579 0.0744764)
(-1.65684 1.60303 0.0699898)
(-1.75624 1.49368 0.0652157)
(-1.84842 1.3782 0.0601735)
(-1.93301 1.25705 0.0548841)
(-2.00965 1.13074 0.0493691)
(-2.07804 0.999779 0.0436513)
(-2.13789 0.864711 0.0377541)
(-2.18895 0.72609 0.0317018)
(-2.23102 0.584485 0.0255192)
(-2.26392 0.440478 0.0192317)
(-2.28752 0.294662 0.0128652)
(-2.30171 0.147634 0.00644585)
(2.3661 0.151764 0.00662615)
(2.3515 0.302904 0.0132251)
(2.32725 0.4528 0.0197697)
(2.29342 0.600834 0.026233)
(2.25018 0.7464 0.0325885)
(2.19769 0.888899 0.0388102)
(2.13617 1.02775 0.0448723)
(2.06587 1.16237 0.0507501)
(1.98708 1.29221 0.0564193)
(1.90013 1.41675 0.0618567)
(1.80536 1.53547 0.0670399)
(1.70318 1.64787 0.0719476)
(1.594 1.7535 0.0765597)
(1.47827 1.85193 0.0808571)
(1.35647 1.94275 0.0848223)
(1.22909 2.02559 0.088439)
(1.09666 2.1001 0.0916922)
(0.959728 2.16598 0.0945687)
(0.818849 2.22296 0.0970566)
(0.674606 2.27081 0.0991456)
(0.52759 2.30932 0.100827)
(0.378406 2.33835 0.102094)
(0.227667 2.35777 0.102942)
(0.0759933 2.36749 0.103367)
(-0.0759933 2.36749 0.103367)
(-0.227667 2.35777 0.102942)
(-0.378406 2.33835 0.102094)
(-0.52759 2.30932 0.100827)
(-0.674606 2.27081 0.0991456)
(-0.818849 2.22296 0.0970566)
(-0.959728 2.16598 0.0945687)
(-1.09666 2.1001 0.0916922)
(-1.22909 2.02559 0.088439)
(-1.35647 1.94275 0.0848223)
(-1.47827 1.85193 0.0808571)
(-1.594 1.7535 0.0765597)
(-1.70318 1.64787 0.0719476)
(-1.80536 1.53547 0.0670399)
(-1.90013 1.41675 0.0618567)
(-1.98708 1.29221 0.0564193)
(-2.06587 1.16237 0.0507501)
(-2.13617 1.02775 0.0448723)
(-2.19769 0.888899 0.0388102)
(-2.25018 0.7464 0.0325885)
(-2.29342 0.600834 0.026233)
(-2.32725 0.4528 0.0197697)
(-2.3515 0.302904 0.0132251)
(-2.3661 0.151764 0.00662615)
(2.43048 0.155893 0.00680646)
(2.41549 0.311146 0.0135849)
(2.39057 0.465121 0.0203076)
(2.35583 0.617184 0.0269468)
(2.31141 0.766711 0.0334753)
(2.25749 0.913087 0.0398662)
(2.1943 1.05571 0.0460933)
(2.12208 1.194 0.052131)
(2.04115 1.32738 0.0579545)
(1.95183 1.4553 0.0635399)
(1.85449 1.57725 0.0688641)
(1.74953 1.69271 0.0739054)
(1.63738 1.80122 0.0786429)
(1.5185 1.90233 0.0830573)
(1.39338 1.99562 0.0871304)
(1.26254 2.0807 0.0908455)
(1.1265 2.15724 0.0941873)
(0.985843 2.22492 0.097142)
(0.841131 2.28345 0.0996975)
(0.692962 2.3326 0.101843)
(0.541946 2.37216 0.103571)
(0.388703 2.40198 0.104873)
(0.233863 2.42192 0.105743)
(0.0780611 2.43192 0.10618)
(-0.0780611 2.43192 0.10618)
(-0.233863 2.42192 0.105743)
(-0.388703 2.40198 0.104873)
(-0.541946 2.37216 0.103571)
(-0.692962 2.3326 0.101843)
(-0.841131 2.28345 0.0996975)
(-0.985843 2.22492 0.097142)
(-1.1265 2.15724 0.0941873)
(-1.26254 2.0807 0.0908455)
(-1.39338 1.99562 0.0871304)
(-1.5185 1.90233 0.0830573)
(-1.63738 1.80122 0.0786429)
(-1.74953 1.69271 0.0739054)
(-1.85449 1.57725 0.0688641)
(-1.95183 1.4553 0.0635399)
(-2.04115 1.32738 0.0579545)
(-2.12208 1.194 0.052131)
(-2.1943 1.05571 0.0460933)
(-2.25749 0.913087 0.0398662)
(-2.31141 0.766711 0.0334753)
(-2.35583 0.617184 0.0269468)
(-2.39057 0.465121 0.0203076)
(-2.41549 0.311146 0.0135849)
(-2.43048 0.155893 0.00680646)
(2.49486 0.160023 0.00698676)
(2.47948 0.319389 0.0139448)
(2.4539 0.477442 0.0208456)
(2.41824 0.633533 0.0276606)
(2.37264 0.787021 0.0343621)
(2.31729 0.937275 0.0409223)
(2.25242 1.08368 0.0473144)
(2.1783 1.22563 0.053512)
(2.09522 1.36254 0.0594897)
(2.00353 1.49385 0.065223)
(1.90361 1.61903 0.0706883)
(1.79587 1.73755 0.0758631)
(1.68075 1.84893 0.0807262)
(1.55872 1.95272 0.0852575)
(1.43029 2.04848 0.0894385)
(1.29598 2.13582 0.093252)
(1.15635 2.21439 0.0966823)
(1.01196 2.28386 0.0997153)
(0.863413 2.34394 0.102339)
(0.711319 2.39439 0.104541)
(0.556302 2.435 0.106314)
(0.399 2.46561 0.107651)
(0.240058 2.48608 0.108545)
(0.0801289 2.49634 0.108992)
(-0.0801289 2.49634 0.108992)
(-0.240058 2.48608 0.108545)
(-0.399 2.46561 0.107651)
(-0.556302 2.435 0.106314)
(-0.711319 2.39439 0.104541)
(-0.863413 2.34394 0.102339)
(-1.01196 2.28386 0.0997153)
(-1.15635 2.21439 0.0966823)
(-1.29598 2.13582 0.093252)
(-1.43029 2.04848 0.0894385)
(-1.55872 1.95272 0.0852575)
(-1.68075 1.84893 0.0807262)
(-1.79587 1.73755 0.0758631)
(-1.90361 1.61903 0.0706883)
(-2.00353 1.49385 0.065223)
(-2.09522 1.36254 0.0594897)
(-2.1783 1.22563 0.053512)
(-2.25242 1.08368 0.0473144)
(-2.31729 0.937275 0.0409223)
(-2.37264 0.787021 0.0343621)
(-2.41824 0.633533 0.0276606)
(-2.4539 0.477442 0.0208456)
(-2.47948 0.319389 0.0139448)
(-2.49486 0.160023 0.00698676)
(0.498973 0.0320046 0.00139735)
(0.495895 0.0638777 0.00278896)
(0.49078 0.0954883 0.00416911)
(0.483647 0.126707 0.00553213)
(0.474528 0.157404 0.00687241)
(0.463458 0.187455 0.00818446)
(0.450484 0.216735 0.00946287)
(0.435659 0.245125 0.0107024)
(0.419044 0.272508 0.0118979)
(0.400707 0.298771 0.0130446)
(0.380723 0.323806 0.0141377)
(0.359175 0.34751 0.0151726)
(0.33615 0.369787 0.0161452)
(0.311745 0.390544 0.0170515)
(0.286058 0.409696 0.0178877)
(0.259196 0.427164 0.0186504)
(0.231269 0.442878 0.0193365)
(0.202392 0.456771 0.0199431)
(0.172683 0.468788 0.0204677)
(0.142264 0.478878 0.0209083)
(0.11126 0.487 0.0212629)
(0.0797999 0.493121 0.0215301)
(0.0480115 0.497216 0.0217089)
(0.0160258 0.499267 0.0217985)
(-0.0160258 0.499267 0.0217985)
(-0.0480115 0.497216 0.0217089)
(-0.0797999 0.493121 0.0215301)
(-0.11126 0.487 0.0212629)
(-0.142264 0.478878 0.0209083)
(-0.172683 0.468788 0.0204677)
(-0.202392 0.456771 0.0199431)
(-0.231269 0.442878 0.0193365)
(-0.259196 0.427164 0.0186504)
(-0.286058 0.409696 0.0178877)
(-0.311745 0.390544 0.0170515)
(-0.33615 0.369787 0.0161452)
(-0.359175 0.34751 0.0151726)
(-0.380723 0.323806 0.0141377)
(-0.400707 0.298771 0.0130446)
(-0.419044 0.272508 0.0118979)
(-0.435659 0.245125 0.0107024)
(-0.450484 0.216735 0.00946287)
(-0.463458 0.187455 0.00818446)
(-0.474528 0.157404 0.00687241)
(-0.483647 0.126707 0.00553213)
(-0.49078 0.0954883 0.00416911)
(-0.495895 0.0638777 0.00278896)
(-0.498973 0.0320046 0.00139735)
(0.563356 0.0361342 -0.00157766)
(0.559881 0.07212 -0.00314883)
(0.554106 0.107809 -0.00470706)
(0.546054 0.143056 -0.00624595)
(0.535757 0.177714 -0.00775918)
(0.523259 0.211643 -0.00924052)
(0.508611 0.244701 -0.0106839)
(0.491873 0.276754 -0.0120834)
(0.473114 0.30767 -0.0134332)
(0.452411 0.337322 -0.0147278)
(0.429849 0.365587 -0.0159619)
(0.40552 0.39235 -0.0171304)
(0.379525 0.417501 -0.0182285)
(0.35197 0.440936 -0.0192517)
(0.322969 0.46256 -0.0201958)
(0.292641 0.482282 -0.0210569)
(0.26111 0.500023 -0.0218315)
(0.228507 0.515709 -0.0225164)
(0.194964 0.529276 -0.0231087)
(0.16062 0.540668 -0.0236061)
(0.125617 0.549839 -0.0240065)
(0.0900967 0.55675 -0.0243082)
(0.0542065 0.561373 -0.0245101)
(0.0180936 0.563689 -0.0246112)
(-0.0180936 0.563689 -0.0246112)
(-0.0542065 0.561373 -0.0245101)
(-0.0900967 0.55675 -0.0243082)
(-0.125617 0.549839 -0.0240065)
(-0.16062 0.540668 -0.0236061)
(-0.194964 0.529276 -0.0231087)
(-0.228507 0.515709 -0.0225164)
(-0.26111 0.500023 -0.0218315)
(-0.292641 0.482282 -0.0210569)
(-0.322969 0.46256 -0.0201958)
(-0.35197 0.440936 -0.0192517)
(-0.379525 0.417501 -0.0182285)
(-0.40552 0.39235 -0.0171304)
(-0.429849 0.365587 -0.0159619)
(-0.452411 0.337322 -0.0147278)
(-0.473114 0.30767 -0.0134332)
(-0.491873 0.276754 -0.0120834)
(-0.508611 0.244701 -0.0106839)
(-0.523259 0.211643 -0.00924052)
(-0.535757 0.177714 -0.00775918)
(-0.546054 0.143056 -0.00624595)
(-0.554106 0.107809 -0.00470706)
(-0.559881 0.07212 -0.00314883)
(-0.563356 0.0361342 -0.00157766)
(0.62774 0.0402639 -0.00175796)
(0.623868 0.0803623 -0.00350869)
(0.617432 0.12013 -0.00524501)
(0.60846 0.159405 -0.00695977)
(0.596987 0.198025 -0.00864594)
(0.583061 0.23583 -0.0102966)
(0.566738 0.272667 -0.0119049)
(0.548088 0.308383 -0.0134643)
(0.527184 0.342832 -0.0149684)
(0.504115 0.375873 -0.016411)
(0.478974 0.407368 -0.0177861)
(0.451865 0.43719 -0.0190881)
(0.422899 0.465216 -0.0203117)
(0.392195 0.491329 -0.0214519)
(0.35988 0.515424 -0.0225039)
(0.326086 0.5374 -0.0234634)
(0.290952 0.557169 -0.0243265)
(0.254622 0.574648 -0.0250897)
(0.217246 0.589765 -0.0257497)
(0.178977 0.602459 -0.0263039)
(0.139973 0.612677 -0.0267501)
(0.100393 0.620378 -0.0270863)
(0.0604016 0.62553 -0.0273112)
(0.0201615 0.628111 -0.0274239)
(-0.0201615 0.628111 -0.0274239)
(-0.0604016 0.62553 -0.0273112)
(-0.100393 0.620378 -0.0270863)
(-0.139973 0.612677 -0.0267501)
(-0.178977 0.602459 -0.0263039)
(-0.217246 0.589765 -0.0257497)
(-0.254622 0.574648 -0.0250897)
(-0.290952 0.557169 -0.0243265)
(-0.326086 0.5374 -0.0234634)
(-0.35988 0.515424 -0.0225039)
(-0.392195 0.491329 -0.0214519)
(-0.422899 0.465216 -0.0203117)
(-0.451865 0.43719 -0.0190881)
(-0.478974 0.407368 -0.0177861)
(-0.504115 0.375873 -0.016411)
(-0.527184 0.342832 -0.0149684)
(-0.548088 0.308383 -0.0134643)
(-0.566738 0.272667 -0.0119049)
(-0.583061 0.23583 -0.0102966)
(-0.596987 0.198025 -0.00864594)
(-0.60846 0.159405 -0.00695977)
(-0.617432 0.12013 -0.00524501)
(-0.623868 0.0803623 -0.00350869)
(-0.62774 0.0402639 -0.00175796)
(0.692123 0.0443935 -0.00193826)
(0.687854 0.0886046 -0.00386856)
(0.680759 0.132452 -0.00578296)
(0.670866 0.175754 -0.0076736)
(0.658216 0.218335 -0.0095327)
(0.642862 0.260018 -0.0113526)
(0.624866 0.300633 -0.0131259)
(0.604302 0.340012 -0.0148453)
(0.581255 0.377995 -0.0165036)
(0.555819 0.414424 -0.0180941)
(0.5281 0.44915 -0.0196103)
(0.49821 0.48203 -0.0210459)
(0.466273 0.51293 -0.022395)
(0.43242 0.541722 -0.0236521)
(0.396791 0.568288 -0.024812)
(0.35953 0.592518 -0.0258699)
(0.320793 0.614314 -0.0268215)
(0.280737 0.633586 -0.027663)
(0.239527 0.650254 -0.0283907)
(0.197334 0.66425 -0.0290018)
(0.154329 0.675516 -0.0294937)
(0.11069 0.684007 -0.0298644)
(0.0665966 0.689687 -0.0301124)
(0.0222293 0.692532 -0.0302366)
(-0.0222293 0.692532 -0.0302366)
(-0.0665966 0.689687 -0.0301124)
(-0.11069 0.684007 -0.0298644)
(-0.154329 0.675516 -0.0294937)
(-0.197334 0.66425 -0.0290018)
(-0.239527 0.650254 -0.0283907)
(-0.280737 0.633586 -0.027663)
(-0.320793 0.614314 -0.0268215)
(-0.35953 0.592518 -0.0258699)
(-0.396791 0.568288 -0.024812)
(-0.43242 0.541722 -0.0236521)
(-0.466273 0.51293 -0.022395)
(-0.49821 0.48203 -0.0210459)
(-0.5281 0.44915 -0.0196103)
(-0.555819 0.414424 -0.0180941)
(-0.581255 0.377995 -0.0165036)
(-0.604302 0.340012 -0.0148453)
(-0.624866 0.300633 -0.0131259)
(-0.642862 0.260018 -0.0113526)
(-0.658216 0.218335 -0.0095327)
(-0.670866 0.175754 -0.0076736)
(-0.680759 0.132452 -0.00578296)
(-0.687854 0.0886046 -0.00386856)
(-0.692123 0.0443935 -0.00193826)
(0.756507 0.0485231 -0.00211857)
(0.751841 0.0968469 -0.00422843)
(0.744085 0.144773 -0.00632091)
(0.733272 0.192104 -0.00838742)
(0.719445 0.238645 -0.0104195)
(0.702663 0.284206 -0.0124087)
(0.682993 0.328599 -0.0143469)
(0.660516 0.371642 -0.0162262)
(0.635325 0.413157 -0.0180388)
(0.607523 0.452975 -0.0197773)
(0.577225 0.490931 -0.0214345)
(0.544555 0.52687 -0.0230037)
(0.509647 0.560644 -0.0244783)
(0.472645 0.592115 -0.0258523)
(0.433701 0.621152 -0.0271201)
(0.392975 0.647636 -0.0282764)
(0.350634 0.67146 -0.0293166)
(0.306852 0.692524 -0.0302363)
(0.261809 0.710742 -0.0310317)
(0.21569 0.72604 -0.0316996)
(0.168685 0.738355 -0.0322373)
(0.120987 0.747635 -0.0326425)
(0.0727916 0.753843 -0.0329135)
(0.0242972 0.756954 -0.0330493)
(-0.0242972 0.756954 -0.0330493)
(-0.0727916 0.753843 -0.0329135)
(-0.120987 0.747635 -0.0326425)
(-0.168685 0.738355 -0.0322373)
(-0.21569 0.72604 -0.0316996)
(-0.261809 0.710742 -0.0310317)
(-0.306852 0.692524 -0.0302363)
(-0.350634 0.67146 -0.0293166)
(-0.392975 0.647636 -0.0282764)
(-0.433701 0.621152 -0.0271201)
(-0.472645 0.592115 -0.0258523)
(-0.509647 0.560644 -0.0244783)
(-0.544555 0.52687 -0.0230037)
(-0.577225 0.490931 -0.0214345)
(-0.607523 0.452975 -0.0197773)
(-0.635325 0.413157 -0.0180388)
(-0.660516 0.371642 -0.0162262)
(-0.682993 0.328599 -0.0143469)
(-0.702663 0.284206 -0.0124087)
(-0.719445 0.238645 -0.0104195)
(-0.733272 0.192104 -0.00838742)
(-0.744085 0.144773 -0.00632091)
(-0.751841 0.0968469 -0.00422843)
(-0.756507 0.0485231 -0.00211857)
(0.820891 0.0526528 -0.00229887)
(0.815827 0.105089 -0.00458829)
(0.807412 0.157094 -0.00685886)
(0.795678 0.208453 -0.00910124)
(0.780675 0.258955 -0.0113062)
(0.762464 0.308394 -0.0134648)
(0.74112 0.356565 -0.0155679)
(0.71673 0.403271 -0.0176072)
(0.689395 0.448319 -0.019574)
(0.659227 0.491526 -0.0214605)
(0.626351 0.532713 -0.0232587)
(0.5909 0.57171 -0.0249614)
(0.553022 0.608359 -0.0265615)
(0.512871 0.642507 -0.0280525)
(0.470612 0.674016 -0.0294282)
(0.42642 0.702754 -0.0306829)
(0.380475 0.728605 -0.0318116)
(0.332967 0.751462 -0.0328095)
(0.284091 0.771231 -0.0336727)
(0.234047 0.787831 -0.0343974)
(0.183041 0.801194 -0.0349809)
(0.131284 0.811264 -0.0354205)
(0.0789867 0.818 -0.0357147)
(0.026365 0.821376 -0.035862)
(-0.026365 0.821376 -0.035862)
(-0.0789867 0.818 -0.0357147)
(-0.131284 0.811264 -0.0354205)
(-0.183041 0.801194 -0.0349809)
(-0.234047 0.787831 -0.0343974)
(-0.284091 0.771231 -0.0336727)
(-0.332967 0.751462 -0.0328095)
(-0.380475 0.728605 -0.0318116)
(-0.42642 0.702754 -0.0306829)
(-0.470612 0.674016 -0.0294282)
(-0.512871 0.642507 -0.0280525)
(-0.553022 0.608359 -0.0265615)
(-0.5909 0.57171 -0.0249614)
(-0.626351 0.532713 -0.0232587)
(-0.659227 0.491526 -0.0214605)
(-0.689395 0.448319 -0.019574)
(-0.71673 0.403271 -0.0176072)
(-0.74112 0.356565 -0.0155679)
(-0.762464 0.308394 -0.0134648)
(-0.780675 0.258955 -0.0113062)
(-0.795678 0.208453 -0.00910124)
(-0.807412 0.157094 -0.00685886)
(-0.815827 0.105089 -0.00458829)
(-0.820891 0.0526528 -0.00229887)
(0.885274 0.0567824 -0.00247917)
(0.879814 0.113331 -0.00494816)
(0.870738 0.169415 -0.00739681)
(0.858084 0.224802 -0.00981507)
(0.841904 0.279265 -0.012193)
(0.822265 0.332581 -0.0145208)
(0.799247 0.384531 -0.016789)
(0.772944 0.4349 -0.0189881)
(0.743465 0.483482 -0.0211093)
(0.710931 0.530077 -0.0231437)
(0.675476 0.574494 -0.025083)
(0.637245 0.61655 -0.0269192)
(0.596396 0.656073 -0.0286448)
(0.553096 0.6929 -0.0302527)
(0.507523 0.72688 -0.0317363)
(0.459864 0.757872 -0.0330894)
(0.410316 0.785751 -0.0343066)
(0.359082 0.8104 -0.0353828)
(0.306372 0.83172 -0.0363137)
(0.252404 0.849622 -0.0370953)
(0.197398 0.864032 -0.0377245)
(0.141581 0.874892 -0.0381986)
(0.0851817 0.882157 -0.0385158)
(0.0284329 0.885797 -0.0386747)
(-0.0284329 0.885797 -0.0386747)
(-0.0851817 0.882157 -0.0385158)
(-0.141581 0.874892 -0.0381986)
(-0.197398 0.864032 -0.0377245)
(-0.252404 0.849622 -0.0370953)
(-0.306372 0.83172 -0.0363137)
(-0.359082 0.8104 -0.0353828)
(-0.410316 0.785751 -0.0343066)
(-0.459864 0.757872 -0.0330894)
(-0.507523 0.72688 -0.0317363)
(-0.553096 0.6929 -0.0302527)
(-0.596396 0.656073 -0.0286448)
(-0.637245 0.61655 -0.0269192)
(-0.675476 0.574494 -0.025083)
(-0.710931 0.530077 -0.0231437)
(-0.743465 0.483482 -0.0211093)
(-0.772944 0.4349 -0.0189881)
(-0.799247 0.384531 -0.016789)
(-0.822265 0.332581 -0.0145208)
(-0.841904 0.279265 -0.012193)
(-0.858084 0.224802 -0.00981507)
(-0.870738 0.169415 -0.00739681)
(-0.879814 0.113331 -0.00494816)
(-0.885274 0.0567824 -0.00247917)
(0.949658 0.060912 -0.00265948)
(0.9438 0.121574 -0.00530802)
(0.934064 0.181736 -0.00793476)
(0.92049 0.241151 -0.0105289)
(0.903134 0.299576 -0.0130798)
(0.882066 0.356769 -0.0155769)
(0.857374 0.412496 -0.01801)
(0.829158 0.466529 -0.0203691)
(0.797535 0.518644 -0.0226445)
(0.762636 0.568628 -0.0248268)
(0.724602 0.616275 -0.0269072)
(0.683591 0.66139 -0.0288769)
(0.63977 0.703788 -0.030728)
(0.593321 0.743293 -0.0324529)
(0.544434 0.779744 -0.0340443)
(0.493309 0.81299 -0.0354959)
(0.440157 0.842896 -0.0368016)
(0.385197 0.869339 -0.0379561)
(0.328654 0.892209 -0.0389547)
(0.27076 0.911412 -0.0397931)
(0.211754 0.926871 -0.0404681)
(0.151877 0.938521 -0.0409767)
(0.0913768 0.946314 -0.041317)
(0.0305007 0.950219 -0.0414874)
(-0.0305007 0.950219 -0.0414874)
(-0.0913768 0.946314 -0.041317)
(-0.151877 0.938521 -0.0409767)
(-0.211754 0.926871 -0.0404681)
(-0.27076 0.911412 -0.0397931)
(-0.328654 0.892209 -0.0389547)
(-0.385197 0.869339 -0.0379561)
(-0.440157 0.842896 -0.0368016)
(-0.493309 0.81299 -0.0354959)
(-0.544434 0.779744 -0.0340443)
(-0.593321 0.743293 -0.0324529)
(-0.63977 0.703788 -0.030728)
(-0.683591 0.66139 -0.0288769)
(-0.724602 0.616275 -0.0269072)
(-0.762636 0.568628 -0.0248268)
(-0.797535 0.518644 -0.0226445)
(-0.829158 0.466529 -0.0203691)
(-0.857374 0.412496 -0.01801)
(-0.882066 0.356769 -0.0155769)
(-0.903134 0.299576 -0.0130798)
(-0.92049 0.241151 -0.0105289)
(-0.934064 0.181736 -0.00793476)
(-0.9438 0.121574 -0.00530802)
(-0.949658 0.060912 -0.00265948)
(1.01404 0.0650416 -0.00283978)
(1.00779 0.129816 -0.00566789)
(0.997391 0.194057 -0.00847271)
(0.982896 0.2575 -0.0112427)
(0.964363 0.319886 -0.0139665)
(0.941867 0.380957 -0.0166329)
(0.915501 0.440462 -0.019231)
(0.885372 0.498158 -0.02175)
(0.851606 0.553806 -0.0241797)
(0.81434 0.607179 -0.02651)
(0.773727 0.658057 -0.0287314)
(0.729936 0.70623 -0.0308347)
(0.683144 0.751502 -0.0328113)
(0.633546 0.793686 -0.0346531)
(0.581344 0.832608 -0.0363524)
(0.526754 0.868108 -0.0379024)
(0.469999 0.900042 -0.0392967)
(0.411312 0.928277 -0.0405294)
(0.350935 0.952697 -0.0415957)
(0.289117 0.973203 -0.042491)
(0.22611 0.98971 -0.0432117)
(0.162174 1.00215 -0.0437548)
(0.0975718 1.01047 -0.0441181)
(0.0325685 1.01464 -0.0443002)
(-0.0325685 1.01464 -0.0443002)
(-0.0975718 1.01047 -0.0441181)
(-0.162174 1.00215 -0.0437548)
(-0.22611 0.98971 -0.0432117)
(-0.289117 0.973203 -0.042491)
(-0.350935 0.952697 -0.0415957)
(-0.411312 0.928277 -0.0405294)
(-0.469999 0.900042 -0.0392967)
(-0.526754 0.868108 -0.0379024)
(-0.581344 0.832608 -0.0363524)
(-0.633546 0.793686 -0.0346531)
(-0.683144 0.751502 -0.0328113)
(-0.729936 0.70623 -0.0308347)
(-0.773727 0.658057 -0.0287314)
(-0.81434 0.607179 -0.02651)
(-0.851606 0.553806 -0.0241797)
(-0.885372 0.498158 -0.02175)
(-0.915501 0.440462 -0.019231)
(-0.941867 0.380957 -0.0166329)
(-0.964363 0.319886 -0.0139665)
(-0.982896 0.2575 -0.0112427)
(-0.997391 0.194057 -0.00847271)
(-1.00779 0.129816 -0.00566789)
(-1.01404 0.0650416 -0.00283978)
(1.07842 0.0691713 -0.00302008)
(1.07177 0.138058 -0.00602776)
(1.06072 0.206378 -0.00901066)
(1.0453 0.27385 -0.0119565)
(1.02559 0.340196 -0.0148533)
(1.00167 0.405144 -0.017689)
(0.973628 0.468428 -0.020452)
(0.941586 0.529787 -0.023131)
(0.905676 0.588969 -0.0257149)
(0.866044 0.64573 -0.0281932)
(0.822853 0.699838 -0.0305556)
(0.776281 0.75107 -0.0327924)
(0.726519 0.799216 -0.0348945)
(0.673771 0.844078 -0.0368533)
(0.618255 0.885472 -0.0386605)
(0.560198 0.923226 -0.0403089)
(0.49984 0.957187 -0.0417917)
(0.437427 0.987215 -0.0431027)
(0.373217 1.01319 -0.0442367)
(0.307473 1.03499 -0.0451888)
(0.240466 1.05255 -0.0459553)
(0.172471 1.06578 -0.0465329)
(0.103767 1.07463 -0.0469193)
(0.0346364 1.07906 -0.0471129)
(-0.0346364 1.07906 -0.0471129)
(-0.103767 1.07463 -0.0469193)
(-0.172471 1.06578 -0.0465329)
(-0.240466 1.05255 -0.0459553)
(-0.307473 1.03499 -0.0451888)
(-0.373217 1.01319 -0.0442367)
(-0.437427 0.987215 -0.0431027)
(-0.49984 0.957187 -0.0417917)
(-0.560198 0.923226 -0.0403089)
(-0.618255 0.885472 -0.0386605)
(-0.673771 0.844078 -0.0368533)
(-0.726519 0.799216 -0.0348945)
(-0.776281 0.75107 -0.0327924)
(-0.822853 0.699838 -0.0305556)
(-0.866044 0.64573 -0.0281932)
(-0.905676 0.588969 -0.0257149)
(-0.941586 0.529787 -0.023131)
(-0.973628 0.468428 -0.020452)
(-1.00167 0.405144 -0.017689)
(-1.02559 0.340196 -0.0148533)
(-1.0453 0.27385 -0.0119565)
(-1.06072 0.206378 -0.00901066)
(-1.07177 0.138058 -0.00602776)
(-1.07842 0.0691713 -0.00302008)
(1.14281 0.0733009 -0.00320039)
(1.13576 0.146301 -0.00638762)
(1.12404 0.218699 -0.00954861)
(1.10771 0.290199 -0.0126704)
(1.08682 0.360506 -0.01574)
(1.06147 0.429332 -0.018745)
(1.03175 0.496394 -0.021673)
(0.9978 0.561416 -0.0245119)
(0.959746 0.624131 -0.0272501)
(0.917748 0.684281 -0.0298764)
(0.871978 0.74162 -0.0323798)
(0.822626 0.79591 -0.0347502)
(0.769893 0.846931 -0.0369778)
(0.713996 0.894471 -0.0390534)
(0.655166 0.938336 -0.0409686)
(0.593643 0.978344 -0.0427154)
(0.529681 1.01433 -0.0442867)
(0.463542 1.04615 -0.045676)
(0.395499 1.07367 -0.0468777)
(0.32583 1.09678 -0.0478866)
(0.254822 1.11539 -0.0486989)
(0.182768 1.12941 -0.0493109)
(0.109962 1.13878 -0.0497204)
(0.0367042 1.14348 -0.0499256)
(-0.0367042 1.14348 -0.0499256)
(-0.109962 1.13878 -0.0497204)
(-0.182768 1.12941 -0.0493109)
(-0.254822 1.11539 -0.0486989)
(-0.32583 1.09678 -0.0478866)
(-0.395499 1.07367 -0.0468777)
(-0.463542 1.04615 -0.045676)
(-0.529681 1.01433 -0.0442867)
(-0.593643 0.978344 -0.0427154)
(-0.655166 0.938336 -0.0409686)
(-0.713996 0.894471 -0.0390534)
(-0.769893 0.846931 -0.0369778)
(-0.822626 0.79591 -0.0347502)
(-0.871978 0.74162 -0.0323798)
(-0.917748 0.684281 -0.0298764)
(-0.959746 0.624131 -0.0272501)
(-0.9978 0.561416 -0.0245119)
(-1.03175 0.496394 -0.021673)
(-1.06147 0.429332 -0.018745)
(-1.08682 0.360506 -0.01574)
(-1.10771 0.290199 -0.0126704)
(-1.12404 0.218699 -0.00954861)
(-1.13576 0.146301 -0.00638762)
(-1.14281 0.0733009 -0.00320039)
(1.20719 0.0774305 -0.00338069)
(1.19975 0.154543 -0.00674749)
(1.18737 0.23102 -0.0100866)
(1.17011 0.306548 -0.0133842)
(1.14805 0.380816 -0.0166268)
(1.12127 0.45352 -0.0198011)
(1.08988 0.52436 -0.022894)
(1.05401 0.593045 -0.0258929)
(1.01382 0.659293 -0.0287854)
(0.969452 0.722832 -0.0315595)
(0.921104 0.783401 -0.034204)
(0.868971 0.840751 -0.036708)
(0.813267 0.894645 -0.0390611)
(0.754222 0.944864 -0.0412536)
(0.692077 0.9912 -0.0432767)
(0.627088 1.03346 -0.0451219)
(0.559522 1.07148 -0.0467818)
(0.489657 1.10509 -0.0482493)
(0.41778 1.13416 -0.0495187)
(0.344187 1.15858 -0.0505845)
(0.269179 1.17823 -0.0514424)
(0.193064 1.19303 -0.052089)
(0.116157 1.20294 -0.0525216)
(0.0387721 1.20791 -0.0527383)
(-0.0387721 1.20791 -0.0527383)
(-0.116157 1.20294 -0.0525216)
(-0.193064 1.19303 -0.052089)
(-0.269179 1.17823 -0.0514424)
(-0.344187 1.15858 -0.0505845)
(-0.41778 1.13416 -0.0495187)
(-0.489657 1.10509 -0.0482493)
(-0.559522 1.07148 -0.0467818)
(-0.627088 1.03346 -0.0451219)
(-0.692077 0.9912 -0.0432767)
(-0.754222 0.944864 -0.0412536)
(-0.813267 0.894645 -0.0390611)
(-0.868971 0.840751 -0.036708)
(-0.921104 0.783401 -0.034204)
(-0.969452 0.722832 -0.0315595)
(-1.01382 0.659293 -0.0287854)
(-1.05401 0.593045 -0.0258929)
(-1.08988 0.52436 -0.022894)
(-1.12127 0.45352 -0.0198011)
(-1.14805 0.380816 -0.0166268)
(-1.17011 0.306548 -0.0133842)
(-1.18737 0.23102 -0.0100866)
(-1.19975 0.154543 -0.00674749)
(-1.20719 0.0774305 -0.00338069)
(1.27158 0.0815602 -0.00356099)
(1.26373 0.162785 -0.00710735)
(1.2507 0.243341 -0.0106245)
(1.23252 0.322897 -0.014098)
(1.20928 0.401127 -0.0175136)
(1.18107 0.477708 -0.0208572)
(1.14801 0.552326 -0.0241151)
(1.11023 0.624674 -0.0272739)
(1.06789 0.694455 -0.0303206)
(1.02116 0.761383 -0.0332427)
(0.97023 0.825182 -0.0360282)
(0.915316 0.885591 -0.0386657)
(0.856641 0.94236 -0.0411443)
(0.794447 0.995256 -0.0434538)
(0.728987 1.04406 -0.0455848)
(0.660532 1.08858 -0.0475284)
(0.589363 1.12862 -0.0492768)
(0.515772 1.16403 -0.0508226)
(0.440062 1.19465 -0.0521596)
(0.362543 1.22037 -0.0532823)
(0.283535 1.24106 -0.054186)
(0.203361 1.25666 -0.0548671)
(0.122352 1.2671 -0.0553227)
(0.0408399 1.27233 -0.055551)
(-0.0408399 1.27233 -0.055551)
(-0.122352 1.2671 -0.0553227)
(-0.203361 1.25666 -0.0548671)
(-0.283535 1.24106 -0.054186)
(-0.362543 1.22037 -0.0532823)
(-0.440062 1.19465 -0.0521596)
(-0.515772 1.16403 -0.0508226)
(-0.589363 1.12862 -0.0492768)
(-0.660532 1.08858 -0.0475284)
(-0.728987 1.04406 -0.0455848)
(-0.794447 0.995256 -0.0434538)
(-0.856641 0.94236 -0.0411443)
(-0.915316 0.885591 -0.0386657)
(-0.97023 0.825182 -0.0360282)
(-1.02116 0.761383 -0.0332427)
(-1.06789 0.694455 -0.0303206)
(-1.11023 0.624674 -0.0272739)
(-1.14801 0.552326 -0.0241151)
(-1.18107 0.477708 -0.0208572)
(-1.20928 0.401127 -0.0175136)
(-1.23252 0.322897 -0.014098)
(-1.2507 0.243341 -0.0106245)
(-1.26373 0.162785 -0.00710735)
(-1.27158 0.0815602 -0.00356099)
(1.33596 0.0856898 -0.0037413)
(1.32772 0.171027 -0.00746722)
(1.31402 0.255662 -0.0111625)
(1.29493 0.339247 -0.0148118)
(1.27051 0.421437 -0.0184003)
(1.24087 0.501895 -0.0219132)
(1.20614 0.580292 -0.0253361)
(1.16644 0.656303 -0.0286548)
(1.12196 0.729618 -0.0318558)
(1.07286 0.799934 -0.0349259)
(1.01936 0.866964 -0.0378525)
(0.961661 0.930431 -0.0406235)
(0.900016 0.990074 -0.0432276)
(0.834672 1.04565 -0.045654)
(0.765898 1.09693 -0.0478929)
(0.693977 1.1437 -0.0499349)
(0.619204 1.18577 -0.0517718)
(0.541887 1.22297 -0.0533959)
(0.462344 1.25514 -0.0548006)
(0.3809 1.28216 -0.0559802)
(0.297891 1.3039 -0.0569296)
(0.213658 1.32029 -0.0576452)
(0.128547 1.33126 -0.0581239)
(0.0429078 1.33675 -0.0583637)
(-0.0429078 1.33675 -0.0583637)
(-0.128547 1.33126 -0.0581239)
(-0.213658 1.32029 -0.0576452)
(-0.297891 1.3039 -0.0569296)
(-0.3809 1.28216 -0.0559802)
(-0.462344 1.25514 -0.0548006)
(-0.541887 1.22297 -0.0533959)
(-0.619204 1.18577 -0.0517718)
(-0.693977 1.1437 -0.0499349)
(-0.765898 1.09693 -0.0478929)
(-0.834672 1.04565 -0.045654)
(-0.900016 0.990074 -0.0432276)
(-0.961661 0.930431 -0.0406235)
(-1.01936 0.866964 -0.0378525)
(-1.07286 0.799934 -0.0349259)
(-1.12196 0.729618 -0.0318558)
(-1.16644 0.656303 -0.0286548)
(-1.20614 0.580292 -0.0253361)
(-1.24087 0.501895 -0.0219132)
(-1.27051 0.421437 -0.0184003)
(-1.29493 0.339247 -0.0148118)
(-1.31402 0.255662 -0.0111625)
(-1.32772 0.171027 -0.00746722)
(-1.33596 0.0856898 -0.0037413)
(1.40034 0.0898194 -0.0039216)
(1.39171 0.17927 -0.00782709)
(1.37735 0.267983 -0.0117004)
(1.35733 0.355596 -0.0155257)
(1.33174 0.441747 -0.0192871)
(1.30067 0.526083 -0.0229693)
(1.26426 0.608257 -0.0265571)
(1.22266 0.687932 -0.0300358)
(1.17603 0.76478 -0.033391)
(1.12456 0.838485 -0.0366091)
(1.06848 0.908745 -0.0396767)
(1.00801 0.975271 -0.0425812)
(0.94339 1.03779 -0.0453108)
(0.874897 1.09604 -0.0478542)
(0.802809 1.14979 -0.050201)
(0.727422 1.19882 -0.0523414)
(0.649046 1.24291 -0.0542668)
(0.568002 1.28191 -0.0559692)
(0.484625 1.31563 -0.0574416)
(0.399256 1.34395 -0.058678)
(0.312247 1.36674 -0.0596732)
(0.223955 1.38392 -0.0604233)
(0.134742 1.39541 -0.060925)
(0.0449756 1.40117 -0.0611764)
(-0.0449756 1.40117 -0.0611764)
(-0.134742 1.39541 -0.060925)
(-0.223955 1.38392 -0.0604233)
(-0.312247 1.36674 -0.0596732)
(-0.399256 1.34395 -0.058678)
(-0.484625 1.31563 -0.0574416)
(-0.568002 1.28191 -0.0559692)
(-0.649046 1.24291 -0.0542668)
(-0.727422 1.19882 -0.0523414)
(-0.802809 1.14979 -0.050201)
(-0.874897 1.09604 -0.0478542)
(-0.94339 1.03779 -0.0453108)
(-1.00801 0.975271 -0.0425812)
(-1.06848 0.908745 -0.0396767)
(-1.12456 0.838485 -0.0366091)
(-1.17603 0.76478 -0.033391)
(-1.22266 0.687932 -0.0300358)
(-1.26426 0.608257 -0.0265571)
(-1.30067 0.526083 -0.0229693)
(-1.33174 0.441747 -0.0192871)
(-1.35733 0.355596 -0.0155257)
(-1.37735 0.267983 -0.0117004)
(-1.39171 0.17927 -0.00782709)
(-1.40034 0.0898194 -0.0039216)
(1.46473 0.093949 -0.0041019)
(1.45569 0.187512 -0.00818695)
(1.44068 0.280304 -0.0122384)
(1.41974 0.371945 -0.0162395)
(1.39297 0.462057 -0.0201739)
(1.36047 0.550271 -0.0240253)
(1.32239 0.636223 -0.0277781)
(1.27887 0.719561 -0.0314167)
(1.2301 0.799942 -0.0349262)
(1.17627 0.877036 -0.0382922)
(1.11761 0.950526 -0.0415009)
(1.05435 1.02011 -0.044539)
(0.986764 1.0855 -0.0473941)
(0.915122 1.14643 -0.0500544)
(0.83972 1.20266 -0.0525091)
(0.760867 1.25393 -0.054748)
(0.678887 1.30006 -0.0567619)
(0.594117 1.34084 -0.0585425)
(0.506907 1.37612 -0.0600826)
(0.417613 1.40574 -0.0613758)
(0.326603 1.42958 -0.0624168)
(0.234251 1.44755 -0.0632014)
(0.140937 1.45957 -0.0637262)
(0.0470434 1.46559 -0.0639891)
(-0.0470434 1.46559 -0.0639891)
(-0.140937 1.45957 -0.0637262)
(-0.234251 1.44755 -0.0632014)
(-0.326603 1.42958 -0.0624168)
(-0.417613 1.40574 -0.0613758)
(-0.506907 1.37612 -0.0600826)
(-0.594117 1.34084 -0.0585425)
(-0.678887 1.30006 -0.0567619)
(-0.760867 1.25393 -0.054748)
(-0.83972 1.20266 -0.0525091)
(-0.915122 1.14643 -0.0500544)
(-0.986764 1.0855 -0.0473941)
(-1.05435 1.02011 -0.044539)
(-1.11761 0.950526 -0.0415009)
(-1.17627 0.877036 -0.0382922)
(-1.2301 0.799942 -0.0349262)
(-1.27887 0.719561 -0.0314167)
(-1.32239 0.636223 -0.0277781)
(-1.36047 0.550271 -0.0240253)
(-1.39297 0.462057 -0.0201739)
(-1.41974 0.371945 -0.0162395)
(-1.44068 0.280304 -0.0122384)
(-1.45569 0.187512 -0.00818695)
(-1.46473 0.093949 -0.0041019)
(1.52911 0.0980787 -0.00428221)
(1.51968 0.195754 -0.00854682)
(1.504 0.292626 -0.0127763)
(1.48215 0.388294 -0.0169533)
(1.4542 0.482368 -0.0210606)
(1.42028 0.574459 -0.0250814)
(1.38052 0.664189 -0.0289991)
(1.33509 0.75119 -0.0327977)
(1.28417 0.835105 -0.0364615)
(1.22797 0.915587 -0.0399754)
(1.16673 0.992308 -0.0433251)
(1.1007 1.06495 -0.0464967)
(1.03014 1.13322 -0.0494773)
(0.955347 1.19683 -0.0522546)
(0.87663 1.25552 -0.0548172)
(0.794311 1.30905 -0.0571545)
(0.708728 1.35721 -0.0592569)
(0.620233 1.39978 -0.0611158)
(0.529188 1.43661 -0.0627236)
(0.43597 1.46753 -0.0640737)
(0.340959 1.49242 -0.0651604)
(0.244548 1.51118 -0.0659794)
(0.147132 1.52373 -0.0665273)
(0.0491113 1.53001 -0.0668018)
(-0.0491113 1.53001 -0.0668018)
(-0.147132 1.52373 -0.0665273)
(-0.244548 1.51118 -0.0659794)
(-0.340959 1.49242 -0.0651604)
(-0.43597 1.46753 -0.0640737)
(-0.529188 1.43661 -0.0627236)
(-0.620233 1.39978 -0.0611158)
(-0.708728 1.35721 -0.0592569)
(-0.794311 1.30905 -0.0571545)
(-0.87663 1.25552 -0.0548172)
(-0.955347 1.19683 -0.0522546)
(-1.03014 1.13322 -0.0494773)
(-1.1007 1.06495 -0.0464967)
(-1.16673 0.992308 -0.0433251)
(-1.22797 0.915587 -0.0399754)
(-1.28417 0.835105 -0.0364615)
(-1.33509 0.75119 -0.0327977)
(-1.38052 0.664189 -0.0289991)
(-1.42028 0.574459 -0.0250814)
(-1.4542 0.482368 -0.0210606)
(-1.48215 0.388294 -0.0169533)
(-1.504 0.292626 -0.0127763)
(-1.51968 0.195754 -0.00854682)
(-1.52911 0.0980787 -0.00428221)
(1.59349 0.102208 -0.00446251)
(1.58366 0.203997 -0.00890668)
(1.56733 0.304947 -0.0133143)
(1.54455 0.404644 -0.0176671)
(1.51543 0.502678 -0.0219474)
(1.48008 0.598646 -0.0261375)
(1.43864 0.692155 -0.0302201)
(1.3913 0.782819 -0.0341786)
(1.33824 0.870267 -0.0379967)
(1.27968 0.954138 -0.0416586)
(1.21586 1.03409 -0.0451493)
(1.14704 1.10979 -0.0484545)
(1.07351 1.18093 -0.0515606)
(0.995572 1.24722 -0.0544548)
(0.913541 1.30838 -0.0571253)
(0.827756 1.36417 -0.059561)
(0.738569 1.41435 -0.0617519)
(0.646348 1.45872 -0.0636891)
(0.55147 1.4971 -0.0653646)
(0.454326 1.52932 -0.0667715)
(0.355316 1.55526 -0.067904)
(0.254845 1.57481 -0.0687575)
(0.153327 1.58788 -0.0693285)
(0.0511791 1.59443 -0.0696145)
(-0.0511791 1.59443 -0.0696145)
(-0.153327 1.58788 -0.0693285)
(-0.254845 1.57481 -0.0687575)
(-0.355316 1.55526 -0.067904)
(-0.454326 1.52932 -0.0667715)
(-0.55147 1.4971 -0.0653646)
(-0.646348 1.45872 -0.0636891)
(-0.738569 1.41435 -0.0617519)
(-0.827756 1.36417 -0.059561)
(-0.913541 1.30838 -0.0571253)
(-0.995572 1.24722 -0.0544548)
(-1.07351 1.18093 -0.0515606)
(-1.14704 1.10979 -0.0484545)
(-1.21586 1.03409 -0.0451493)
(-1.27968 0.954138 -0.0416586)
(-1.33824 0.870267 -0.0379967)
(-1.3913 0.782819 -0.0341786)
(-1.43864 0.692155 -0.0302201)
(-1.48008 0.598646 -0.0261375)
(-1.51543 0.502678 -0.0219474)
(-1.54455 0.404644 -0.0176671)
(-1.56733 0.304947 -0.0133143)
(-1.58366 0.203997 -0.00890668)
(-1.59349 0.102208 -0.00446251)
(1.65788 0.106338 -0.00464281)
(1.64765 0.212239 -0.00926655)
(1.63065 0.317268 -0.0138522)
(1.60696 0.420993 -0.0183809)
(1.57666 0.522988 -0.0228341)
(1.53988 0.622834 -0.0271935)
(1.49677 0.720121 -0.0314412)
(1.44751 0.814448 -0.0355596)
(1.39231 0.905429 -0.0395319)
(1.33138 0.99269 -0.0433418)
(1.26498 1.07587 -0.0469735)
(1.19339 1.15463 -0.0504123)
(1.11689 1.22865 -0.0536438)
(1.0358 1.29761 -0.056655)
(0.950452 1.36125 -0.0594333)
(0.861201 1.41929 -0.0619675)
(0.76841 1.4715 -0.0642469)
(0.672463 1.51766 -0.0662624)
(0.573752 1.55758 -0.0680056)
(0.472683 1.59111 -0.0694694)
(0.369672 1.6181 -0.0706476)
(0.265142 1.63843 -0.0715356)
(0.159522 1.65204 -0.0721296)
(0.053247 1.65886 -0.0724272)
(-0.053247 1.65886 -0.0724272)
(-0.159522 1.65204 -0.0721296)
(-0.265142 1.63843 -0.0715356)
(-0.369672 1.6181 -0.0706476)
(-0.472683 1.59111 -0.0694694)
(-0.573752 1.55758 -0.0680056)
(-0.672463 1.51766 -0.0662624)
(-0.76841 1.4715 -0.0642469)
(-0.861201 1.41929 -0.0619675)
(-0.950452 1.36125 -0.0594333)
(-1.0358 1.29761 -0.056655)
(-1.11689 1.22865 -0.0536438)
(-1.19339 1.15463 -0.0504123)
(-1.26498 1.07587 -0.0469735)
(-1.33138 0.99269 -0.0433418)
(-1.39231 0.905429 -0.0395319)
(-1.44751 0.814448 -0.0355596)
(-1.49677 0.720121 -0.0314412)
(-1.53988 0.622834 -0.0271935)
(-1.57666 0.522988 -0.0228341)
(-1.60696 0.420993 -0.0183809)
(-1.63065 0.317268 -0.0138522)
(-1.64765 0.212239 -0.00926655)
(-1.65788 0.106338 -0.00464281)
(1.72226 0.110468 -0.00482312)
(1.71164 0.220481 -0.00962642)
(1.69398 0.329589 -0.0143902)
(1.66936 0.437342 -0.0190948)
(1.63789 0.543298 -0.0237209)
(1.59968 0.647022 -0.0282496)
(1.5549 0.748087 -0.0326622)
(1.50373 0.846077 -0.0369405)
(1.44638 0.940592 -0.0410671)
(1.38308 1.03124 -0.0450249)
(1.31411 1.11765 -0.0487977)
(1.23973 1.19947 -0.05237)
(1.16026 1.27636 -0.0557271)
(1.07602 1.34801 -0.0588552)
(0.987363 1.41411 -0.0617414)
(0.894645 1.47441 -0.064374)
(0.798252 1.52864 -0.066742)
(0.698578 1.5766 -0.0688357)
(0.596033 1.61807 -0.0706466)
(0.49104 1.6529 -0.0721672)
(0.384028 1.68094 -0.0733912)
(0.275439 1.70206 -0.0743137)
(0.165717 1.7162 -0.0749308)
(0.0553148 1.72328 -0.0752399)
(-0.0553148 1.72328 -0.0752399)
(-0.165717 1.7162 -0.0749308)
(-0.275439 1.70206 -0.0743137)
(-0.384028 1.68094 -0.0733912)
(-0.49104 1.6529 -0.0721672)
(-0.596033 1.61807 -0.0706466)
(-0.698578 1.5766 -0.0688357)
(-0.798252 1.52864 -0.066742)
(-0.894645 1.47441 -0.064374)
(-0.987363 1.41411 -0.0617414)
(-1.07602 1.34801 -0.0588552)
(-1.16026 1.27636 -0.0557271)
(-1.23973 1.19947 -0.05237)
(-1.31411 1.11765 -0.0487977)
(-1.38308 1.03124 -0.0450249)
(-1.44638 0.940592 -0.0410671)
(-1.50373 0.846077 -0.0369405)
(-1.5549 0.748087 -0.0326622)
(-1.59968 0.647022 -0.0282496)
(-1.63789 0.543298 -0.0237209)
(-1.66936 0.437342 -0.0190948)
(-1.69398 0.329589 -0.0143902)
(-1.71164 0.220481 -0.00962642)
(-1.72226 0.110468 -0.00482312)
(1.78664 0.114597 -0.00500342)
(1.77562 0.228723 -0.00998628)
(1.75731 0.34191 -0.0149281)
(1.73177 0.453691 -0.0198086)
(1.69912 0.563608 -0.0246077)
(1.65948 0.67121 -0.0293056)
(1.61302 0.776053 -0.0338832)
(1.55994 0.877707 -0.0383215)
(1.50045 0.975754 -0.0426023)
(1.43479 1.06979 -0.0467081)
(1.36323 1.15943 -0.050622)
(1.28608 1.24431 -0.0543278)
(1.20364 1.32407 -0.0578104)
(1.11625 1.3984 -0.0610554)
(1.02427 1.46698 -0.0640495)
(0.92809 1.52952 -0.0667805)
(0.828093 1.58579 -0.069237)
(0.724693 1.63554 -0.071409)
(0.618315 1.67856 -0.0732876)
(0.509396 1.71469 -0.074865)
(0.398384 1.74377 -0.0761348)
(0.285735 1.76569 -0.0770918)
(0.171912 1.78035 -0.0777319)
(0.0573827 1.7877 -0.0780527)
(-0.0573827 1.7877 -0.0780527)
(-0.171912 1.78035 -0.0777319)
(-0.285735 1.76569 -0.0770918)
(-0.398384 1.74377 -0.0761348)
(-0.509396 1.71469 -0.074865)
(-0.618315 1.67856 -0.0732876)
(-0.724693 1.63554 -0.071409)
(-0.828093 1.58579 -0.069237)
(-0.92809 1.52952 -0.0667805)
(-1.02427 1.46698 -0.0640495)
(-1.11625 1.3984 -0.0610554)
(-1.20364 1.32407 -0.0578104)
(-1.28608 1.24431 -0.0543278)
(-1.36323 1.15943 -0.050622)
(-1.43479 1.06979 -0.0467081)
(-1.50045 0.975754 -0.0426023)
(-1.55994 0.877707 -0.0383215)
(-1.61302 0.776053 -0.0338832)
(-1.65948 0.67121 -0.0293056)
(-1.69912 0.563608 -0.0246077)
(-1.73177 0.453691 -0.0198086)
(-1.75731 0.34191 -0.0149281)
(-1.77562 0.228723 -0.00998628)
(-1.78664 0.114597 -0.00500342)
(1.85103 0.118727 -0.00518372)
(1.83961 0.236966 -0.0103461)
(1.82063 0.354231 -0.0154661)
(1.79418 0.470041 -0.0205224)
(1.76035 0.583919 -0.0254944)
(1.71928 0.695397 -0.0303617)
(1.67115 0.804018 -0.0351042)
(1.61616 0.909336 -0.0397024)
(1.55452 1.01092 -0.0441376)
(1.48649 1.10834 -0.0483913)
(1.41236 1.20121 -0.0524462)
(1.33242 1.28915 -0.0562855)
(1.24701 1.37179 -0.0598936)
(1.15647 1.44879 -0.0632556)
(1.06118 1.51984 -0.0663576)
(0.961535 1.58464 -0.069187)
(0.857934 1.64293 -0.071732)
(0.750808 1.69447 -0.0739823)
(0.640596 1.73905 -0.0759286)
(0.527753 1.77648 -0.0775629)
(0.41274 1.80661 -0.0788784)
(0.296032 1.82932 -0.0798698)
(0.178107 1.84451 -0.0805331)
(0.0594505 1.85212 -0.0808654)
(-0.0594505 1.85212 -0.0808654)
(-0.178107 1.84451 -0.0805331)
(-0.296032 1.82932 -0.0798698)
(-0.41274 1.80661 -0.0788784)
(-0.527753 1.77648 -0.0775629)
(-0.640596 1.73905 -0.0759286)
(-0.750808 1.69447 -0.0739823)
(-0.857934 1.64293 -0.071732)
(-0.961535 1.58464 -0.069187)
(-1.06118 1.51984 -0.0663576)
(-1.15647 1.44879 -0.0632556)
(-1.24701 1.37179 -0.0598936)
(-1.33242 1.28915 -0.0562855)
(-1.41236 1.20121 -0.0524462)
(-1.48649 1.10834 -0.0483913)
(-1.55452 1.01092 -0.0441376)
(-1.61616 0.909336 -0.0397024)
(-1.67115 0.804018 -0.0351042)
(-1.71928 0.695397 -0.0303617)
(-1.76035 0.583919 -0.0254944)
(-1.79418 0.470041 -0.0205224)
(-1.82063 0.354231 -0.0154661)
(-1.83961 0.236966 -0.0103461)
(-1.85103 0.118727 -0.00518372)
(1.91541 0.122856 -0.00536403)
(1.9036 0.245208 -0.010706)
(1.88396 0.366552 -0.016004)
(1.85658 0.48639 -0.0212362)
(1.82157 0.604229 -0.0263812)
(1.77908 0.719585 -0.0314178)
(1.72928 0.831984 -0.0363252)
(1.67237 0.940965 -0.0410834)
(1.60859 1.04608 -0.0456728)
(1.5382 1.14689 -0.0500745)
(1.46148 1.243 -0.0542704)
(1.37877 1.33399 -0.0582433)
(1.29038 1.4195 -0.0619769)
(1.1967 1.49918 -0.0654558)
(1.09809 1.5727 -0.0686657)
(0.994979 1.63976 -0.0715935)
(0.887775 1.70008 -0.0742271)
(0.776923 1.75341 -0.0765556)
(0.662878 1.79954 -0.0785696)
(0.546109 1.83827 -0.0802607)
(0.427097 1.86945 -0.081622)
(0.306329 1.89295 -0.0826479)
(0.184302 1.90867 -0.0833342)
(0.0615184 1.91654 -0.0836781)
(-0.0615184 1.91654 -0.0836781)
(-0.184302 1.90867 -0.0833342)
(-0.306329 1.89295 -0.0826479)
(-0.427097 1.86945 -0.081622)
(-0.546109 1.83827 -0.0802607)
(-0.662878 1.79954 -0.0785696)
(-0.776923 1.75341 -0.0765556)
(-0.887775 1.70008 -0.0742271)
(-0.994979 1.63976 -0.0715935)
(-1.09809 1.5727 -0.0686657)
(-1.1967 1.49918 -0.0654558)
(-1.29038 1.4195 -0.0619769)
(-1.37877 1.33399 -0.0582433)
(-1.46148 1.243 -0.0542704)
(-1.5382 1.14689 -0.0500745)
(-1.60859 1.04608 -0.0456728)
(-1.67237 0.940965 -0.0410834)
(-1.72928 0.831984 -0.0363252)
(-1.77908 0.719585 -0.0314178)
(-1.82157 0.604229 -0.0263812)
(-1.85658 0.48639 -0.0212362)
(-1.88396 0.366552 -0.016004)
(-1.9036 0.245208 -0.010706)
(-1.91541 0.122856 -0.00536403)
(1.97979 0.126986 -0.00554433)
(1.96758 0.25345 -0.0110659)
(1.94729 0.378873 -0.016542)
(1.91899 0.502739 -0.0219501)
(1.8828 0.624539 -0.027268)
(1.83888 0.743773 -0.0324738)
(1.78741 0.85995 -0.0375462)
(1.72858 0.972594 -0.0424644)
(1.66266 1.08124 -0.047208)
(1.5899 1.18544 -0.0517576)
(1.51061 1.28478 -0.0560946)
(1.42511 1.37883 -0.0602011)
(1.33376 1.46722 -0.0640601)
(1.23692 1.54958 -0.067656)
(1.13501 1.62557 -0.0709738)
(1.02842 1.69488 -0.074)
(0.917616 1.75722 -0.0767221)
(0.803038 1.81235 -0.0791289)
(0.68516 1.86003 -0.0812106)
(0.564466 1.90006 -0.0829585)
(0.441453 1.93229 -0.0843656)
(0.316626 1.95658 -0.085426)
(0.190497 1.97282 -0.0861354)
(0.0635862 1.98096 -0.0864908)
(-0.0635862 1.98096 -0.0864908)
(-0.190497 1.97282 -0.0861354)
(-0.316626 1.95658 -0.085426)
(-0.441453 1.93229 -0.0843656)
(-0.564466 1.90006 -0.0829585)
(-0.68516 1.86003 -0.0812106)
(-0.803038 1.81235 -0.0791289)
(-0.917616 1.75722 -0.0767221)
(-1.02842 1.69488 -0.074)
(-1.13501 1.62557 -0.0709738)
(-1.23692 1.54958 -0.067656)
(-1.33376 1.46722 -0.0640601)
(-1.42511 1.37883 -0.0602011)
(-1.51061 1.28478 -0.0560946)
(-1.5899 1.18544 -0.0517576)
(-1.66266 1.08124 -0.047208)
(-1.72858 0.972594 -0.0424644)
(-1.78741 0.85995 -0.0375462)
(-1.83888 0.743773 -0.0324738)
(-1.8828 0.624539 -0.027268)
(-1.91899 0.502739 -0.0219501)
(-1.94729 0.378873 -0.016542)
(-1.96758 0.25345 -0.0110659)
(-1.97979 0.126986 -0.00554433)
(2.04418 0.131116 -0.00572464)
(2.03157 0.261693 -0.0114257)
(2.01061 0.391194 -0.0170799)
(1.98139 0.519088 -0.0226639)
(1.94403 0.644849 -0.0281547)
(1.89868 0.76796 -0.0335299)
(1.84553 0.887916 -0.0387672)
(1.7848 1.00422 -0.0438453)
(1.71673 1.1164 -0.0487432)
(1.64161 1.224 -0.0534408)
(1.55974 1.32656 -0.0579188)
(1.47146 1.42367 -0.0621588)
(1.37713 1.51493 -0.0661434)
(1.27715 1.59997 -0.0698562)
(1.17192 1.67843 -0.0732819)
(1.06187 1.75 -0.0764065)
(0.947457 1.81437 -0.0792171)
(0.829153 1.87129 -0.0817022)
(0.707441 1.92052 -0.0838516)
(0.582823 1.96185 -0.0856564)
(0.455809 1.99513 -0.0871092)
(0.326922 2.02021 -0.0882041)
(0.196692 2.03698 -0.0889365)
(0.065654 2.04539 -0.0893035)
(-0.065654 2.04539 -0.0893035)
(-0.196692 2.03698 -0.0889365)
(-0.326922 2.02021 -0.0882041)
(-0.455809 1.99513 -0.0871092)
(-0.582823 1.96185 -0.0856564)
(-0.707441 1.92052 -0.0838516)
(-0.829153 1.87129 -0.0817022)
(-0.947457 1.81437 -0.0792171)
(-1.06187 1.75 -0.0764065)
(-1.17192 1.67843 -0.0732819)
(-1.27715 1.59997 -0.0698562)
(-1.37713 1.51493 -0.0661434)
(-1.47146 1.42367 -0.0621588)
(-1.55974 1.32656 -0.0579188)
(-1.64161 1.224 -0.0534408)
(-1.71673 1.1164 -0.0487432)
(-1.7848 1.00422 -0.0438453)
(-1.84553 0.887916 -0.0387672)
(-1.89868 0.76796 -0.0335299)
(-1.94403 0.644849 -0.0281547)
(-1.98139 0.519088 -0.0226639)
(-2.01061 0.391194 -0.0170799)
(-2.03157 0.261693 -0.0114257)
(-2.04418 0.131116 -0.00572464)
(2.10856 0.135245 -0.00590494)
(2.09556 0.269935 -0.0117856)
(2.07394 0.403515 -0.0176179)
(2.0438 0.535437 -0.0233777)
(2.00526 0.665159 -0.0290415)
(1.95849 0.792148 -0.0345859)
(1.90366 0.915882 -0.0399883)
(1.84101 1.03585 -0.0452263)
(1.7708 1.15157 -0.0502784)
(1.69331 1.26255 -0.055124)
(1.60886 1.36834 -0.059743)
(1.5178 1.46851 -0.0641166)
(1.42051 1.56265 -0.0682266)
(1.31737 1.65036 -0.0720564)
(1.20883 1.7313 -0.07559)
(1.09531 1.80511 -0.078813)
(0.977299 1.87152 -0.0817121)
(0.855268 1.93023 -0.0842755)
(0.729723 1.98101 -0.0864926)
(0.601179 2.02364 -0.0883542)
(0.470165 2.05797 -0.0898528)
(0.337219 2.08383 -0.0909822)
(0.202887 2.10114 -0.0917377)
(0.0677219 2.10981 -0.0921162)
(-0.0677219 2.10981 -0.0921162)
(-0.202887 2.10114 -0.0917377)
(-0.337219 2.08383 -0.0909822)
(-0.470165 2.05797 -0.0898528)
(-0.601179 2.02364 -0.0883542)
(-0.729723 1.98101 -0.0864926)
(-0.855268 1.93023 -0.0842755)
(-0.977299 1.87152 -0.0817121)
(-1.09531 1.80511 -0.078813)
(-1.20883 1.7313 -0.07559)
(-1.31737 1.65036 -0.0720564)
(-1.42051 1.56265 -0.0682266)
(-1.5178 1.46851 -0.0641166)
(-1.60886 1.36834 -0.059743)
(-1.69331 1.26255 -0.055124)
(-1.7708 1.15157 -0.0502784)
(-1.84101 1.03585 -0.0452263)
(-1.90366 0.915882 -0.0399883)
(-1.95849 0.792148 -0.0345859)
(-2.00526 0.665159 -0.0290415)
(-2.0438 0.535437 -0.0233777)
(-2.07394 0.403515 -0.0176179)
(-2.09556 0.269935 -0.0117856)
(-2.10856 0.135245 -0.00590494)
(2.17295 0.139375 -0.00608524)
(2.15954 0.278177 -0.0121455)
(2.13727 0.415836 -0.0181558)
(2.10621 0.551787 -0.0240915)
(2.06649 0.68547 -0.0299283)
(2.01829 0.816336 -0.035642)
(1.96179 0.943848 -0.0412093)
(1.89723 1.06748 -0.0466072)
(1.82487 1.18673 -0.0518136)
(1.74501 1.3011 -0.0568072)
(1.65799 1.41012 -0.0615672)
(1.56415 1.51335 -0.0660743)
(1.46388 1.61036 -0.0703099)
(1.3576 1.70075 -0.0742566)
(1.24574 1.78416 -0.0778981)
(1.12876 1.86023 -0.0812195)
(1.00714 1.92866 -0.0842072)
(0.881383 1.98916 -0.0868488)
(0.752005 2.04149 -0.0891336)
(0.619536 2.08544 -0.0910521)
(0.484521 2.12081 -0.0925964)
(0.347516 2.14746 -0.0937603)
(0.209082 2.16529 -0.0945388)
(0.0697897 2.17423 -0.0949289)
(-0.0697897 2.17423 -0.0949289)
(-0.209082 2.16529 -0.0945388)
(-0.347516 2.14746 -0.0937603)
(-0.484521 2.12081 -0.0925964)
(-0.619536 2.08544 -0.0910521)
(-0.752005 2.04149 -0.0891336)
(-0.881383 1.98916 -0.0868488)
(-1.00714 1.92866 -0.0842072)
(-1.12876 1.86023 -0.0812195)
(-1.24574 1.78416 -0.0778981)
(-1.3576 1.70075 -0.0742566)
(-1.46388 1.61036 -0.0703099)
(-1.56415 1.51335 -0.0660743)
(-1.65799 1.41012 -0.0615672)
(-1.74501 1.3011 -0.0568072)
(-1.82487 1.18673 -0.0518136)
(-1.89723 1.06748 -0.0466072)
(-1.96179 0.943848 -0.0412093)
(-2.01829 0.816336 -0.035642)
(-2.06649 0.68547 -0.0299283)
(-2.10621 0.551787 -0.0240915)
(-2.13727 0.415836 -0.0181558)
(-2.15954 0.278177 -0.0121455)
(-2.17295 0.139375 -0.00608524)
(2.23733 0.143505 -0.00626555)
(2.22353 0.286419 -0.0125053)
(2.20059 0.428157 -0.0186938)
(2.16861 0.568136 -0.0248054)
(2.12772 0.70578 -0.030815)
(2.07809 0.840524 -0.0366981)
(2.01991 0.971814 -0.0424303)
(1.95344 1.09911 -0.0479882)
(1.87894 1.22189 -0.0533489)
(1.79672 1.33965 -0.0584903)
(1.70711 1.4519 -0.0633915)
(1.61049 1.55819 -0.0680321)
(1.50726 1.65808 -0.0723932)
(1.39782 1.75115 -0.0764567)
(1.28265 1.83702 -0.0802062)
(1.1622 1.91535 -0.083626)
(1.03698 1.98581 -0.0867022)
(0.907498 2.0481 -0.0894221)
(0.774286 2.10198 -0.0917746)
(0.637892 2.14723 -0.0937499)
(0.498878 2.18365 -0.09534)
(0.357813 2.21109 -0.0965383)
(0.215277 2.22945 -0.09734)
(0.0718576 2.23865 -0.0977416)
(-0.0718576 2.23865 -0.0977416)
(-0.215277 2.22945 -0.09734)
(-0.357813 2.21109 -0.0965383)
(-0.498878 2.18365 -0.09534)
(-0.637892 2.14723 -0.0937499)
(-0.774286 2.10198 -0.0917746)
(-0.907498 2.0481 -0.0894221)
(-1.03698 1.98581 -0.0867022)
(-1.1622 1.91535 -0.083626)
(-1.28265 1.83702 -0.0802062)
(-1.39782 1.75115 -0.0764567)
(-1.50726 1.65808 -0.0723932)
(-1.61049 1.55819 -0.0680321)
(-1.70711 1.4519 -0.0633915)
(-1.79672 1.33965 -0.0584903)
(-1.87894 1.22189 -0.0533489)
(-1.95344 1.09911 -0.0479882)
(-2.01991 0.971814 -0.0424303)
(-2.07809 0.840524 -0.0366981)
(-2.12772 0.70578 -0.030815)
(-2.16861 0.568136 -0.0248054)
(-2.20059 0.428157 -0.0186938)
(-2.22353 0.286419 -0.0125053)
(-2.23733 0.143505 -0.00626555)
(2.30171 0.147634 -0.00644585)
(2.28752 0.294662 -0.0128652)
(2.26392 0.440478 -0.0192317)
(2.23102 0.584485 -0.0255192)
(2.18895 0.72609 -0.0317018)
(2.13789 0.864711 -0.0377541)
(2.07804 0.999779 -0.0436513)
(2.00965 1.13074 -0.0493691)
(1.93301 1.25705 -0.0548841)
(1.84842 1.3782 -0.0601735)
(1.75624 1.49368 -0.0652157)
(1.65684 1.60303 -0.0699898)
(1.55063 1.70579 -0.0744764)
(1.43805 1.80154 -0.0786569)
(1.31956 1.88989 -0.0825143)
(1.19565 1.97047 -0.0860325)
(1.06682 2.04295 -0.0891972)
(0.933613 2.10704 -0.0919954)
(0.796568 2.16247 -0.0944156)
(0.656249 2.20902 -0.0964477)
(0.513234 2.24648 -0.0980836)
(0.368109 2.27472 -0.0993164)
(0.221472 2.29361 -0.100141)
(0.0739254 2.30307 -0.100554)
(-0.0739254 2.30307 -0.100554)
(-0.221472 2.29361 -0.100141)
(-0.368109 2.27472 -0.0993164)
(-0.513234 2.24648 -0.0980836)
(-0.656249 2.20902 -0.0964477)
(-0.796568 2.16247 -0.0944156)
(-0.933613 2.10704 -0.0919954)
(-1.06682 2.04295 -0.0891972)
(-1.19565 1.97047 -0.0860325)
(-1.31956 1.88989 -0.0825143)
(-1.43805 1.80154 -0.0786569)
(-1.55063 1.70579 -0.0744764)
(-1.65684 1.60303 -0.0699898)
(-1.75624 1.49368 -0.0652157)
(-1.84842 1.3782 -0.0601735)
(-1.93301 1.25705 -0.0548841)
(-2.00965 1.13074 -0.0493691)
(-2.07804 0.999779 -0.0436513)
(-2.13789 0.864711 -0.0377541)
(-2.18895 0.72609 -0.0317018)
(-2.23102 0.584485 -0.0255192)
(-2.26392 0.440478 -0.0192317)
(-2.28752 0.294662 -0.0128652)
(-2.30171 0.147634 -0.00644585)
(2.3661 0.151764 -0.00662615)
(2.3515 0.302904 -0.0132251)
(2.32725 0.4528 -0.0197697)
(2.29342 0.600834 -0.026233)
(2.25018 0.7464 -0.0325885)
(2.19769 0.888899 -0.0388102)
(2.13617 1.02775 -0.0448723)
(2.06587 1.16237 -0.0507501)
(1.98708 1.29221 -0.0564193)
(1.90013 1.41675 -0.0618567)
(1.80536 1.53547 -0.0670399)
(1.70318 1.64787 -0.0719476)
(1.594 1.7535 -0.0765597)
(1.47827 1.85193 -0.0808571)
(1.35647 1.94275 -0.0848223)
(1.22909 2.02559 -0.088439)
(1.09666 2.1001 -0.0916922)
(0.959728 2.16598 -0.0945687)
(0.818849 2.22296 -0.0970566)
(0.674606 2.27081 -0.0991456)
(0.52759 2.30932 -0.100827)
(0.378406 2.33835 -0.102094)
(0.227667 2.35777 -0.102942)
(0.0759933 2.36749 -0.103367)
(-0.0759933 2.36749 -0.103367)
(-0.227667 2.35777 -0.102942)
(-0.378406 2.33835 -0.102094)
(-0.52759 2.30932 -0.100827)
(-0.674606 2.27081 -0.0991456)
(-0.818849 2.22296 -0.0970566)
(-0.959728 2.16598 -0.0945687)
(-1.09666 2.1001 -0.0916922)
(-1.22909 2.02559 -0.088439)
(-1.35647 1.94275 -0.0848223)
(-1.47827 1.85193 -0.0808571)
(-1.594 1.7535 -0.0765597)
(-1.70318 1.64787 -0.0719476)
(-1.80536 1.53547 -0.0670399)
(-1.90013 1.41675 -0.0618567)
(-1.98708 1.29221 -0.0564193)
(-2.06587 1.16237 -0.0507501)
(-2.13617 1.02775 -0.0448723)
(-2.19769 0.888899 -0.0388102)
(-2.25018 0.7464 -0.0325885)
(-2.29342 0.600834 -0.026233)
(-2.32725 0.4528 -0.0197697)
(-2.3515 0.302904 -0.0132251)
(-2.3661 0.151764 -0.00662615)
(2.43048 0.155893 -0.00680646)
(2.41549 0.311146 -0.0135849)
(2.39057 0.465121 -0.0203076)
(2.35583 0.617184 -0.0269468)
(2.31141 0.766711 -0.0334753)
(2.25749 0.913087 -0.0398662)
(2.1943 1.05571 -0.0460933)
(2.12208 1.194 -0.052131)
(2.04115 1.32738 -0.0579545)
(1.95183 1.4553 -0.0635399)
(1.85449 1.57725 -0.0688641)
(1.74953 1.69271 -0.0739054)
(1.63738 1.80122 -0.0786429)
(1.5185 1.90233 -0.0830573)
(1.39338 1.99562 -0.0871304)
(1.26254 2.0807 -0.0908455)
(1.1265 2.15724 -0.0941873)
(0.985843 2.22492 -0.097142)
(0.841131 2.28345 -0.0996975)
(0.692962 2.3326 -0.101843)
(0.541946 2.37216 -0.103571)
(0.388703 2.40198 -0.104873)
(0.233863 2.42192 -0.105743)
(0.0780611 2.43192 -0.10618)
(-0.0780611 2.43192 -0.10618)
(-0.233863 2.42192 -0.105743)
(-0.388703 2.40198 -0.104873)
(-0.541946 2.37216 -0.103571)
(-0.692962 2.3326 -0.101843)
(-0.841131 2.28345 -0.0996975)
(-0.985843 2.22492 -0.097142)
(-1.1265 2.15724 -0.0941873)
(-1.26254 2.0807 -0.0908455)
(-1.39338 1.99562 -0.0871304)
(-1.5185 1.90233 -0.0830573)
(-1.63738 1.80122 -0.0786429)
(-1.74953 1.69271 -0.0739054)
(-1.85449 1.57725 -0.0688641)
(-1.95183 1.4553 -0.0635399)
(-2.04115 1.32738 -0.0579545)
(-2.12208 1.194 -0.052131)
(-2.1943 1.05571 -0.0460933)
(-2.25749 0.913087 -0.0398662)
(-2.31141 0.766711 -0.0334753)
(-2.35583 0.617184 -0.0269468)
(-2.39057 0.465121 -0.0203076)
(-2.41549 0.311146 -0.0135849)
(-2.43048 0.155893 -0.00680646)
(2.49486 0.160023 -0.00698676)
(2.47948 0.319389 -0.0139448)
(2.4539 0.477442 -0.0208456)
(2.41824 0.633533 -0.0276606)
(2.37264 0.787021 -0.0343621)
(2.31729 0.937275 -0.0409223)
(2.25242 1.08368 -0.0473144)
(2.1783 1.22563 -0.053512)
(2.09522 1.36254 -0.0594897)
(2.00353 1.49385 -0.065223)
(1.90361 1.61903 -0.0706883)
(1.79587 1.73755 -0.0758631)
(1.68075 1.84893 -0.0807262)
(1.55872 1.95272 -0.0852575)
(1.43029 2.04848 -0.0894385)
(1.29598 2.13582 -0.093252)
(1.15635 2.21439 -0.0966823)
(1.01196 2.28386 -0.0997153)
(0.863413 2.34394 -0.102339)
(0.711319 2.39439 -0.104541)
(0.556302 2.435 -0.106314)
(0.399 2.46561 -0.107651)
(0.240058 2.48608 -0.108545)
(0.0801289 2.49634 -0.108992)
(-0.0801289 2.49634 -0.108992)
(-0.240058 2.48608 -0.108545)
(-0.399 2.46561 -0.107651)
(-0.556302 2.435 -0.106314)
(-0.711319 2.39439 -0.104541)
(-0.863413 2.34394 -0.102339)
(-1.01196 2.28386 -0.0997153)
(-1.15635 2.21439 -0.0966823)
(-1.29598 2.13582 -0.093252)
(-1.43029 2.04848 -0.0894385)
(-1.55872 1.95272 -0.0852575)
(-1.68075 1.84893 -0.0807262)
(-1.79587 1.73755 -0.0758631)
(-1.90361 1.61903 -0.0706883)
(-2.00353 1.49385 -0.065223)
(-2.09522 1.36254 -0.0594897)
(-2.1783 1.22563 -0.053512)
(-2.25242 1.08368 -0.0473144)
(-2.31729 0.937275 -0.0409223)
(-2.37264 0.787021 -0.0343621)
(-2.41824 0.633533 -0.0276606)
(-2.4539 0.477442 -0.0208456)
(-2.47948 0.319389 -0.0139448)
(-2.49486 0.160023 -0.00698676)
(0.498973 0.0320046 -0.00139735)
(0.495895 0.0638777 -0.00278896)
(0.49078 0.0954883 -0.00416911)
(0.483647 0.126707 -0.00553213)
(0.474528 0.157404 -0.00687241)
(0.463458 0.187455 -0.00818446)
(0.450484 0.216735 -0.00946287)
(0.435659 0.245125 -0.0107024)
(0.419044 0.272508 -0.0118979)
(0.400707 0.298771 -0.0130446)
(0.380723 0.323806 -0.0141377)
(0.359175 0.34751 -0.0151726)
(0.33615 0.369787 -0.0161452)
(0.311745 0.390544 -0.0170515)
(0.286058 0.409696 -0.0178877)
(0.259196 0.427164 -0.0186504)
(0.231269 0.442878 -0.0193365)
(0.202392 0.456771 -0.0199431)
(0.172683 0.468788 -0.0204677)
(0.142264 0.478878 -0.0209083)
(0.11126 0.487 -0.0212629)
(0.0797999 0.493121 -0.0215301)
(0.0480115 0.497216 -0.0217089)
(0.0160258 0.499267 -0.0217985)
(-0.0160258 0.499267 -0.0217985)
(-0.0480115 0.497216 -0.0217089)
(-0.0797999 0.493121 -0.0215301)
(-0.11126 0.487 -0.0212629)
(-0.142264 0.478878 -0.0209083)
(-0.172683 0.468788 -0.0204677)
(-0.202392 0.456771 -0.0199431)
(-0.231269 0.442878 -0.0193365)
(-0.259196 0.427164 -0.0186504)
(-0.286058 0.409696 -0.0178877)
(-0.311745 0.390544 -0.0170515)
(-0.33615 0.369787 -0.0161452)
(-0.359175 0.34751 -0.0151726)
(-0.380723 0.323806 -0.0141377)
(-0.400707 0.298771 -0.0130446)
(-0.419044 0.272508 -0.0118979)
(-0.435659 0.245125 -0.0107024)
(-0.450484 0.216735 -0.00946287)
(-0.463458 0.187455 -0.00818446)
(-0.474528 0.157404 -0.00687241)
(-0.483647 0.126707 -0.00553213)
(-0.49078 0.0954883 -0.00416911)
(-0.495895 0.0638777 -0.00278896)
(-0.498973 0.0320046 -0.00139735)
(-0.5 0 0)
(-2.5 0 0)
(0.5 0 0)
(-0.564516 0 0)
(2.5 0 0)
(-0.629032 0 0)
(-0.693548 0 0)
(-0.758065 0 0)
(-0.822581 0 0)
(-0.887097 0 0)
(-0.951613 0 0)
(-1.01613 0 0)
(-1.08065 0 0)
(-1.14516 0 0)
(-1.20968 0 0)
(-1.27419 0 0)
(-1.33871 0 0)
(-1.40323 0 0)
(-1.46774 0 0)
(-1.53226 0 0)
(-1.59677 0 0)
(-1.66129 0 0)
(-1.72581 0 0)
(-1.79032 0 0)
(-1.85484 0 0)
(-1.91935 0 0)
(-1.98387 0 0)
(-2.04839 0 0)
(-2.1129 0 0)
(-2.17742 0 0)
(-2.24194 0 0)
(-2.30645 0 0)
(-2.37097 0 0)
(-2.43548 0 0)
(0.564516 0 0)
(0.629032 0 0)
(0.693548 0 0)
(0.758065 0 0)
(0.822581 0 0)
(0.887097 0 0)
(0.951613 0 0)
(1.01613 0 0)
(1.08065 0 0)
(1.14516 0 0)
(1.20968 0 0)
(1.27419 0 0)
(1.33871 0 0)
(1.40323 0 0)
(1.46774 0 0)
(1.53226 0 0)
(1.59677 0 0)
(1.66129 0 0)
(1.72581 0 0)
(1.79032 0 0)
(1.85484 0 0)
(1.91935 0 0)
(1.98387 0 0)
(2.04839 0 0)
(2.1129 0 0)
(2.17742 0 0)
(2.24194 0 0)
(2.30645 0 0)
(2.37097 0 0)
(2.43548 0 0)
)


// ************************************************************************* //
