/*--------------------------------*- C++ -*----------------------------------*\
| =========                 |                                                 |
| \\      /  F ield         | OpenFOAM: The Open Source CFD Toolbox           |
|  \\    /   O peration     | Version:  v2012                                 |
|   \\  /    A nd           | Website:  www.openfoam.com                      |
|    \\/     M anipulation  |                                                 |
\*---------------------------------------------------------------------------*/
FoamFile
{
    version     2.0;
    format      ascii;
    class       faceList;
    location    "constant/polyMesh";
    object      faces;
}
// * * * * * * * * * * * * * * * * * * * * * * * * * * * * * * * * * * * * * //


1183
(
3(0 614 300)
4(0 300 580 280)
3(615 320 20)
4(0 20 320 300)
3(616 340 40)
4(20 40 340 320)
3(617 360 60)
4(40 60 360 340)
3(618 380 80)
4(60 80 380 360)
3(619 400 100)
4(80 100 400 380)
3(620 420 120)
4(100 120 420 400)
3(621 440 140)
4(120 140 440 420)
3(622 460 160)
4(140 160 460 440)
3(623 480 180)
4(160 180 480 460)
3(624 500 200)
4(180 200 500 480)
3(625 520 220)
4(200 220 520 500)
3(626 540 240)
4(220 240 540 520)
4(240 260 560 540)
4(0 300 301 1)
4(1 301 581 281)
4(20 320 321 21)
4(1 21 321 301)
4(40 340 341 41)
4(21 41 341 321)
4(60 360 361 61)
4(41 61 361 341)
4(80 380 381 81)
4(61 81 381 361)
4(100 400 401 101)
4(81 101 401 381)
4(120 420 421 121)
4(101 121 421 401)
4(140 440 441 141)
4(121 141 441 421)
4(160 460 461 161)
4(141 161 461 441)
4(180 480 481 181)
4(161 181 481 461)
4(200 500 501 201)
4(181 201 501 481)
4(220 520 521 221)
4(201 221 521 501)
4(240 540 541 241)
4(221 241 541 521)
4(241 261 561 541)
4(1 301 302 2)
4(2 302 582 282)
4(21 321 322 22)
4(2 22 322 302)
4(41 341 342 42)
4(22 42 342 322)
4(61 361 362 62)
4(42 62 362 342)
4(81 381 382 82)
4(62 82 382 362)
4(101 401 402 102)
4(82 102 402 382)
4(121 421 422 122)
4(102 122 422 402)
4(141 441 442 142)
4(122 142 442 422)
4(161 461 462 162)
4(142 162 462 442)
4(181 481 482 182)
4(162 182 482 462)
4(201 501 502 202)
4(182 202 502 482)
4(221 521 522 222)
4(202 222 522 502)
4(241 541 542 242)
4(222 242 542 522)
4(242 262 562 542)
4(2 302 303 3)
4(3 303 583 283)
4(22 322 323 23)
4(3 23 323 303)
4(42 342 343 43)
4(23 43 343 323)
4(62 362 363 63)
4(43 63 363 343)
4(82 382 383 83)
4(63 83 383 363)
4(102 402 403 103)
4(83 103 403 383)
4(122 422 423 123)
4(103 123 423 403)
4(142 442 443 143)
4(123 143 443 423)
4(162 462 463 163)
4(143 163 463 443)
4(182 482 483 183)
4(163 183 483 463)
4(202 502 503 203)
4(183 203 503 483)
4(222 522 523 223)
4(203 223 523 503)
4(242 542 543 243)
4(223 243 543 523)
4(243 263 563 543)
4(3 303 304 4)
4(4 304 584 284)
4(23 323 324 24)
4(4 24 324 304)
4(43 343 344 44)
4(24 44 344 324)
4(63 363 364 64)
4(44 64 364 344)
4(83 383 384 84)
4(64 84 384 364)
4(103 403 404 104)
4(84 104 404 384)
4(123 423 424 124)
4(104 124 424 404)
4(143 443 444 144)
4(124 144 444 424)
4(163 463 464 164)
4(144 164 464 444)
4(183 483 484 184)
4(164 184 484 464)
4(203 503 504 204)
4(184 204 504 484)
4(223 523 524 224)
4(204 224 524 504)
4(243 543 544 244)
4(224 244 544 524)
4(244 264 564 544)
4(4 304 305 5)
4(5 305 585 285)
4(24 324 325 25)
4(5 25 325 305)
4(44 344 345 45)
4(25 45 345 325)
4(64 364 365 65)
4(45 65 365 345)
4(84 384 385 85)
4(65 85 385 365)
4(104 404 405 105)
4(85 105 405 385)
4(124 424 425 125)
4(105 125 425 405)
4(144 444 445 145)
4(125 145 445 425)
4(164 464 465 165)
4(145 165 465 445)
4(184 484 485 185)
4(165 185 485 465)
4(204 504 505 205)
4(185 205 505 485)
4(224 524 525 225)
4(205 225 525 505)
4(244 544 545 245)
4(225 245 545 525)
4(245 265 565 545)
4(5 305 306 6)
4(6 306 586 286)
4(25 325 326 26)
4(6 26 326 306)
4(45 345 346 46)
4(26 46 346 326)
4(65 365 366 66)
4(46 66 366 346)
4(85 385 386 86)
4(66 86 386 366)
4(105 405 406 106)
4(86 106 406 386)
4(125 425 426 126)
4(106 126 426 406)
4(145 445 446 146)
4(126 146 446 426)
4(165 465 466 166)
4(146 166 466 446)
4(185 485 486 186)
4(166 186 486 466)
4(205 505 506 206)
4(186 206 506 486)
4(225 525 526 226)
4(206 226 526 506)
4(245 545 546 246)
4(226 246 546 526)
4(246 266 566 546)
4(6 306 307 7)
4(7 307 587 287)
4(26 326 327 27)
4(7 27 327 307)
4(46 346 347 47)
4(27 47 347 327)
4(66 366 367 67)
4(47 67 367 347)
4(86 386 387 87)
4(67 87 387 367)
4(106 406 407 107)
4(87 107 407 387)
4(126 426 427 127)
4(107 127 427 407)
4(146 446 447 147)
4(127 147 447 427)
4(166 466 467 167)
4(147 167 467 447)
4(186 486 487 187)
4(167 187 487 467)
4(206 506 507 207)
4(187 207 507 487)
4(226 526 527 227)
4(207 227 527 507)
4(246 546 547 247)
4(227 247 547 527)
4(247 267 567 547)
4(7 307 308 8)
4(8 308 588 288)
4(27 327 328 28)
4(8 28 328 308)
4(47 347 348 48)
4(28 48 348 328)
4(67 367 368 68)
4(48 68 368 348)
4(87 387 388 88)
4(68 88 388 368)
4(107 407 408 108)
4(88 108 408 388)
4(127 427 428 128)
4(108 128 428 408)
4(147 447 448 148)
4(128 148 448 428)
4(167 467 468 168)
4(148 168 468 448)
4(187 487 488 188)
4(168 188 488 468)
4(207 507 508 208)
4(188 208 508 488)
4(227 527 528 228)
4(208 228 528 508)
4(247 547 548 248)
4(228 248 548 528)
4(248 268 568 548)
4(8 308 309 9)
4(9 309 589 289)
4(28 328 329 29)
4(9 29 329 309)
4(48 348 349 49)
4(29 49 349 329)
4(68 368 369 69)
4(49 69 369 349)
4(88 388 389 89)
4(69 89 389 369)
4(108 408 409 109)
4(89 109 409 389)
4(128 428 429 129)
4(109 129 429 409)
4(148 448 449 149)
4(129 149 449 429)
4(168 468 469 169)
4(149 169 469 449)
4(188 488 489 189)
4(169 189 489 469)
4(208 508 509 209)
4(189 209 509 489)
4(228 528 529 229)
4(209 229 529 509)
4(248 548 549 249)
4(229 249 549 529)
4(249 269 569 549)
4(9 309 310 10)
4(10 310 590 290)
4(29 329 330 30)
4(10 30 330 310)
4(49 349 350 50)
4(30 50 350 330)
4(69 369 370 70)
4(50 70 370 350)
4(89 389 390 90)
4(70 90 390 370)
4(109 409 410 110)
4(90 110 410 390)
4(129 429 430 130)
4(110 130 430 410)
4(149 449 450 150)
4(130 150 450 430)
4(169 469 470 170)
4(150 170 470 450)
4(189 489 490 190)
4(170 190 490 470)
4(209 509 510 210)
4(190 210 510 490)
4(229 529 530 230)
4(210 230 530 510)
4(249 549 550 250)
4(230 250 550 530)
4(250 270 570 550)
4(10 310 311 11)
4(11 311 591 291)
4(30 330 331 31)
4(11 31 331 311)
4(50 350 351 51)
4(31 51 351 331)
4(70 370 371 71)
4(51 71 371 351)
4(90 390 391 91)
4(71 91 391 371)
4(110 410 411 111)
4(91 111 411 391)
4(130 430 431 131)
4(111 131 431 411)
4(150 450 451 151)
4(131 151 451 431)
4(170 470 471 171)
4(151 171 471 451)
4(190 490 491 191)
4(171 191 491 471)
4(210 510 511 211)
4(191 211 511 491)
4(230 530 531 231)
4(211 231 531 511)
4(250 550 551 251)
4(231 251 551 531)
4(251 271 571 551)
4(11 311 312 12)
4(12 312 592 292)
4(31 331 332 32)
4(12 32 332 312)
4(51 351 352 52)
4(32 52 352 332)
4(71 371 372 72)
4(52 72 372 352)
4(91 391 392 92)
4(72 92 392 372)
4(111 411 412 112)
4(92 112 412 392)
4(131 431 432 132)
4(112 132 432 412)
4(151 451 452 152)
4(132 152 452 432)
4(171 471 472 172)
4(152 172 472 452)
4(191 491 492 192)
4(172 192 492 472)
4(211 511 512 212)
4(192 212 512 492)
4(231 531 532 232)
4(212 232 532 512)
4(251 551 552 252)
4(232 252 552 532)
4(252 272 572 552)
4(12 312 313 13)
4(13 313 593 293)
4(32 332 333 33)
4(13 33 333 313)
4(52 352 353 53)
4(33 53 353 333)
4(72 372 373 73)
4(53 73 373 353)
4(92 392 393 93)
4(73 93 393 373)
4(112 412 413 113)
4(93 113 413 393)
4(132 432 433 133)
4(113 133 433 413)
4(152 452 453 153)
4(133 153 453 433)
4(172 472 473 173)
4(153 173 473 453)
4(192 492 493 193)
4(173 193 493 473)
4(212 512 513 213)
4(193 213 513 493)
4(232 532 533 233)
4(213 233 533 513)
4(252 552 553 253)
4(233 253 553 533)
4(253 273 573 553)
4(13 313 314 14)
4(14 314 594 294)
4(33 333 334 34)
4(14 34 334 314)
4(53 353 354 54)
4(34 54 354 334)
4(73 373 374 74)
4(54 74 374 354)
4(93 393 394 94)
4(74 94 394 374)
4(113 413 414 114)
4(94 114 414 394)
4(133 433 434 134)
4(114 134 434 414)
4(153 453 454 154)
4(134 154 454 434)
4(173 473 474 174)
4(154 174 474 454)
4(193 493 494 194)
4(174 194 494 474)
4(213 513 514 214)
4(194 214 514 494)
4(233 533 534 234)
4(214 234 534 514)
4(253 553 554 254)
4(234 254 554 534)
4(254 274 574 554)
4(14 314 315 15)
4(15 315 595 295)
4(34 334 335 35)
4(15 35 335 315)
4(54 354 355 55)
4(35 55 355 335)
4(74 374 375 75)
4(55 75 375 355)
4(94 394 395 95)
4(75 95 395 375)
4(114 414 415 115)
4(95 115 415 395)
4(134 434 435 135)
4(115 135 435 415)
4(154 454 455 155)
4(135 155 455 435)
4(174 474 475 175)
4(155 175 475 455)
4(194 494 495 195)
4(175 195 495 475)
4(214 514 515 215)
4(195 215 515 495)
4(234 534 535 235)
4(215 235 535 515)
4(254 554 555 255)
4(235 255 555 535)
4(255 275 575 555)
4(15 315 316 16)
4(16 316 596 296)
4(35 335 336 36)
4(16 36 336 316)
4(55 355 356 56)
4(36 56 356 336)
4(75 375 376 76)
4(56 76 376 356)
4(95 395 396 96)
4(76 96 396 376)
4(115 415 416 116)
4(96 116 416 396)
4(135 435 436 136)
4(116 136 436 416)
4(155 455 456 156)
4(136 156 456 436)
4(175 475 476 176)
4(156 176 476 456)
4(195 495 496 196)
4(176 196 496 476)
4(215 515 516 216)
4(196 216 516 496)
4(235 535 536 236)
4(216 236 536 516)
4(255 555 556 256)
4(236 256 556 536)
4(256 276 576 556)
4(16 316 317 17)
4(17 317 597 297)
4(36 336 337 37)
4(17 37 337 317)
4(56 356 357 57)
4(37 57 357 337)
4(76 376 377 77)
4(57 77 377 357)
4(96 396 397 97)
4(77 97 397 377)
4(116 416 417 117)
4(97 117 417 397)
4(136 436 437 137)
4(117 137 437 417)
4(156 456 457 157)
4(137 157 457 437)
4(176 476 477 177)
4(157 177 477 457)
4(196 496 497 197)
4(177 197 497 477)
4(216 516 517 217)
4(197 217 517 497)
4(236 536 537 237)
4(217 237 537 517)
4(256 556 557 257)
4(237 257 557 537)
4(257 277 577 557)
4(17 317 318 18)
4(18 318 598 298)
4(37 337 338 38)
4(18 38 338 318)
4(57 357 358 58)
4(38 58 358 338)
4(77 377 378 78)
4(58 78 378 358)
4(97 397 398 98)
4(78 98 398 378)
4(117 417 418 118)
4(98 118 418 398)
4(137 437 438 138)
4(118 138 438 418)
4(157 457 458 158)
4(138 158 458 438)
4(177 477 478 178)
4(158 178 478 458)
4(197 497 498 198)
4(178 198 498 478)
4(217 517 518 218)
4(198 218 518 498)
4(237 537 538 238)
4(218 238 538 518)
4(257 557 558 258)
4(238 258 558 538)
4(258 278 578 558)
4(18 318 319 19)
4(19 319 599 299)
4(38 338 339 39)
4(19 39 339 319)
4(58 358 359 59)
4(39 59 359 339)
4(78 378 379 79)
4(59 79 379 359)
4(98 398 399 99)
4(79 99 399 379)
4(118 418 419 119)
4(99 119 419 399)
4(138 438 439 139)
4(119 139 439 419)
4(158 458 459 159)
4(139 159 459 439)
4(178 478 479 179)
4(159 179 479 459)
4(198 498 499 199)
4(179 199 499 479)
4(218 518 519 219)
4(199 219 519 499)
4(238 538 539 239)
4(219 239 539 519)
4(258 558 559 259)
4(239 259 559 539)
4(259 279 579 559)
3(19 319 627)
3(39 339 628)
3(59 359 629)
3(79 379 600)
3(99 399 601)
3(119 419 602)
3(139 439 603)
3(159 459 605)
3(179 479 607)
3(199 499 608)
3(219 519 610)
3(239 539 612)
3(259 559 613)
3(280 580 609)
4(280 281 581 580)
4(281 282 582 581)
4(282 283 583 582)
4(283 284 584 583)
4(284 285 585 584)
4(285 286 586 585)
4(286 287 587 586)
4(287 288 588 587)
4(288 289 589 588)
4(289 290 590 589)
4(290 291 591 590)
4(291 292 592 591)
4(292 293 593 592)
4(293 294 594 593)
4(294 295 595 594)
4(295 296 596 595)
4(296 297 597 596)
4(297 298 598 597)
4(298 299 599 598)
3(299 604 599)
3(611 560 260)
4(260 560 561 261)
4(261 561 562 262)
4(262 562 563 263)
4(263 563 564 264)
4(264 564 565 265)
4(265 565 566 266)
4(266 566 567 267)
4(267 567 568 268)
4(268 568 569 269)
4(269 569 570 270)
4(270 570 571 271)
4(271 571 572 272)
4(272 572 573 273)
4(273 573 574 274)
4(274 574 575 275)
4(275 575 576 276)
4(276 576 577 277)
4(277 577 578 278)
4(278 578 579 279)
3(279 579 606)
4(0 280 609 614)
4(614 615 20 0)
4(615 616 40 20)
4(616 617 60 40)
4(617 618 80 60)
4(618 619 100 80)
4(619 620 120 100)
4(620 621 140 120)
4(621 622 160 140)
4(622 623 180 160)
4(623 624 200 180)
4(624 625 220 200)
4(625 626 240 220)
4(626 611 260 240)
4(0 1 281 280)
4(0 20 21 1)
4(20 40 41 21)
4(40 60 61 41)
4(60 80 81 61)
4(80 100 101 81)
4(100 120 121 101)
4(120 140 141 121)
4(140 160 161 141)
4(160 180 181 161)
4(180 200 201 181)
4(200 220 221 201)
4(220 240 241 221)
4(240 260 261 241)
4(1 2 282 281)
4(1 21 22 2)
4(21 41 42 22)
4(41 61 62 42)
4(61 81 82 62)
4(81 101 102 82)
4(101 121 122 102)
4(121 141 142 122)
4(141 161 162 142)
4(161 181 182 162)
4(181 201 202 182)
4(201 221 222 202)
4(221 241 242 222)
4(241 261 262 242)
4(2 3 283 282)
4(2 22 23 3)
4(22 42 43 23)
4(42 62 63 43)
4(62 82 83 63)
4(82 102 103 83)
4(102 122 123 103)
4(122 142 143 123)
4(142 162 163 143)
4(162 182 183 163)
4(182 202 203 183)
4(202 222 223 203)
4(222 242 243 223)
4(242 262 263 243)
4(3 4 284 283)
4(3 23 24 4)
4(23 43 44 24)
4(43 63 64 44)
4(63 83 84 64)
4(83 103 104 84)
4(103 123 124 104)
4(123 143 144 124)
4(143 163 164 144)
4(163 183 184 164)
4(183 203 204 184)
4(203 223 224 204)
4(223 243 244 224)
4(243 263 264 244)
4(4 5 285 284)
4(4 24 25 5)
4(24 44 45 25)
4(44 64 65 45)
4(64 84 85 65)
4(84 104 105 85)
4(104 124 125 105)
4(124 144 145 125)
4(144 164 165 145)
4(164 184 185 165)
4(184 204 205 185)
4(204 224 225 205)
4(224 244 245 225)
4(244 264 265 245)
4(5 6 286 285)
4(5 25 26 6)
4(25 45 46 26)
4(45 65 66 46)
4(65 85 86 66)
4(85 105 106 86)
4(105 125 126 106)
4(125 145 146 126)
4(145 165 166 146)
4(165 185 186 166)
4(185 205 206 186)
4(205 225 226 206)
4(225 245 246 226)
4(245 265 266 246)
4(6 7 287 286)
4(6 26 27 7)
4(26 46 47 27)
4(46 66 67 47)
4(66 86 87 67)
4(86 106 107 87)
4(106 126 127 107)
4(126 146 147 127)
4(146 166 167 147)
4(166 186 187 167)
4(186 206 207 187)
4(206 226 227 207)
4(226 246 247 227)
4(246 266 267 247)
4(7 8 288 287)
4(7 27 28 8)
4(27 47 48 28)
4(47 67 68 48)
4(67 87 88 68)
4(87 107 108 88)
4(107 127 128 108)
4(127 147 148 128)
4(147 167 168 148)
4(167 187 188 168)
4(187 207 208 188)
4(207 227 228 208)
4(227 247 248 228)
4(247 267 268 248)
4(8 9 289 288)
4(8 28 29 9)
4(28 48 49 29)
4(48 68 69 49)
4(68 88 89 69)
4(88 108 109 89)
4(108 128 129 109)
4(128 148 149 129)
4(148 168 169 149)
4(168 188 189 169)
4(188 208 209 189)
4(208 228 229 209)
4(228 248 249 229)
4(248 268 269 249)
4(9 10 290 289)
4(9 29 30 10)
4(29 49 50 30)
4(49 69 70 50)
4(69 89 90 70)
4(89 109 110 90)
4(109 129 130 110)
4(129 149 150 130)
4(149 169 170 150)
4(169 189 190 170)
4(189 209 210 190)
4(209 229 230 210)
4(229 249 250 230)
4(249 269 270 250)
4(10 11 291 290)
4(10 30 31 11)
4(30 50 51 31)
4(50 70 71 51)
4(70 90 91 71)
4(90 110 111 91)
4(110 130 131 111)
4(130 150 151 131)
4(150 170 171 151)
4(170 190 191 171)
4(190 210 211 191)
4(210 230 231 211)
4(230 250 251 231)
4(250 270 271 251)
4(11 12 292 291)
4(11 31 32 12)
4(31 51 52 32)
4(51 71 72 52)
4(71 91 92 72)
4(91 111 112 92)
4(111 131 132 112)
4(131 151 152 132)
4(151 171 172 152)
4(171 191 192 172)
4(191 211 212 192)
4(211 231 232 212)
4(231 251 252 232)
4(251 271 272 252)
4(12 13 293 292)
4(12 32 33 13)
4(32 52 53 33)
4(52 72 73 53)
4(72 92 93 73)
4(92 112 113 93)
4(112 132 133 113)
4(132 152 153 133)
4(152 172 173 153)
4(172 192 193 173)
4(192 212 213 193)
4(212 232 233 213)
4(232 252 253 233)
4(252 272 273 253)
4(13 14 294 293)
4(13 33 34 14)
4(33 53 54 34)
4(53 73 74 54)
4(73 93 94 74)
4(93 113 114 94)
4(113 133 134 114)
4(133 153 154 134)
4(153 173 174 154)
4(173 193 194 174)
4(193 213 214 194)
4(213 233 234 214)
4(233 253 254 234)
4(253 273 274 254)
4(14 15 295 294)
4(14 34 35 15)
4(34 54 55 35)
4(54 74 75 55)
4(74 94 95 75)
4(94 114 115 95)
4(114 134 135 115)
4(134 154 155 135)
4(154 174 175 155)
4(174 194 195 175)
4(194 214 215 195)
4(214 234 235 215)
4(234 254 255 235)
4(254 274 275 255)
4(15 16 296 295)
4(15 35 36 16)
4(35 55 56 36)
4(55 75 76 56)
4(75 95 96 76)
4(95 115 116 96)
4(115 135 136 116)
4(135 155 156 136)
4(155 175 176 156)
4(175 195 196 176)
4(195 215 216 196)
4(215 235 236 216)
4(235 255 256 236)
4(255 275 276 256)
4(16 17 297 296)
4(16 36 37 17)
4(36 56 57 37)
4(56 76 77 57)
4(76 96 97 77)
4(96 116 117 97)
4(116 136 137 117)
4(136 156 157 137)
4(156 176 177 157)
4(176 196 197 177)
4(196 216 217 197)
4(216 236 237 217)
4(236 256 257 237)
4(256 276 277 257)
4(17 18 298 297)
4(17 37 38 18)
4(37 57 58 38)
4(57 77 78 58)
4(77 97 98 78)
4(97 117 118 98)
4(117 137 138 118)
4(137 157 158 138)
4(157 177 178 158)
4(177 197 198 178)
4(197 217 218 198)
4(217 237 238 218)
4(237 257 258 238)
4(257 277 278 258)
4(18 19 299 298)
4(18 38 39 19)
4(38 58 59 39)
4(58 78 79 59)
4(78 98 99 79)
4(98 118 119 99)
4(118 138 139 119)
4(138 158 159 139)
4(158 178 179 159)
4(178 198 199 179)
4(198 218 219 199)
4(218 238 239 219)
4(238 258 259 239)
4(258 278 279 259)
4(19 627 604 299)
4(39 628 627 19)
4(59 629 628 39)
4(79 600 629 59)
4(99 601 600 79)
4(119 602 601 99)
4(139 603 602 119)
4(159 605 603 139)
4(179 607 605 159)
4(199 608 607 179)
4(219 610 608 199)
4(239 612 610 219)
4(259 613 612 239)
4(279 606 613 259)
4(300 614 609 580)
4(614 300 320 615)
4(615 320 340 616)
4(616 340 360 617)
4(617 360 380 618)
4(618 380 400 619)
4(619 400 420 620)
4(620 420 440 621)
4(621 440 460 622)
4(622 460 480 623)
4(623 480 500 624)
4(624 500 520 625)
4(625 520 540 626)
4(626 540 560 611)
4(300 580 581 301)
4(300 301 321 320)
4(320 321 341 340)
4(340 341 361 360)
4(360 361 381 380)
4(380 381 401 400)
4(400 401 421 420)
4(420 421 441 440)
4(440 441 461 460)
4(460 461 481 480)
4(480 481 501 500)
4(500 501 521 520)
4(520 521 541 540)
4(540 541 561 560)
4(301 581 582 302)
4(301 302 322 321)
4(321 322 342 341)
4(341 342 362 361)
4(361 362 382 381)
4(381 382 402 401)
4(401 402 422 421)
4(421 422 442 441)
4(441 442 462 461)
4(461 462 482 481)
4(481 482 502 501)
4(501 502 522 521)
4(521 522 542 541)
4(541 542 562 561)
4(302 582 583 303)
4(302 303 323 322)
4(322 323 343 342)
4(342 343 363 362)
4(362 363 383 382)
4(382 383 403 402)
4(402 403 423 422)
4(422 423 443 442)
4(442 443 463 462)
4(462 463 483 482)
4(482 483 503 502)
4(502 503 523 522)
4(522 523 543 542)
4(542 543 563 562)
4(303 583 584 304)
4(303 304 324 323)
4(323 324 344 343)
4(343 344 364 363)
4(363 364 384 383)
4(383 384 404 403)
4(403 404 424 423)
4(423 424 444 443)
4(443 444 464 463)
4(463 464 484 483)
4(483 484 504 503)
4(503 504 524 523)
4(523 524 544 543)
4(543 544 564 563)
4(304 584 585 305)
4(304 305 325 324)
4(324 325 345 344)
4(344 345 365 364)
4(364 365 385 384)
4(384 385 405 404)
4(404 405 425 424)
4(424 425 445 444)
4(444 445 465 464)
4(464 465 485 484)
4(484 485 505 504)
4(504 505 525 524)
4(524 525 545 544)
4(544 545 565 564)
4(305 585 586 306)
4(305 306 326 325)
4(325 326 346 345)
4(345 346 366 365)
4(365 366 386 385)
4(385 386 406 405)
4(405 406 426 425)
4(425 426 446 445)
4(445 446 466 465)
4(465 466 486 485)
4(485 486 506 505)
4(505 506 526 525)
4(525 526 546 545)
4(545 546 566 565)
4(306 586 587 307)
4(306 307 327 326)
4(326 327 347 346)
4(346 347 367 366)
4(366 367 387 386)
4(386 387 407 406)
4(406 407 427 426)
4(426 427 447 446)
4(446 447 467 466)
4(466 467 487 486)
4(486 487 507 506)
4(506 507 527 526)
4(526 527 547 546)
4(546 547 567 566)
4(307 587 588 308)
4(307 308 328 327)
4(327 328 348 347)
4(347 348 368 367)
4(367 368 388 387)
4(387 388 408 407)
4(407 408 428 427)
4(427 428 448 447)
4(447 448 468 467)
4(467 468 488 487)
4(487 488 508 507)
4(507 508 528 527)
4(527 528 548 547)
4(547 548 568 567)
4(308 588 589 309)
4(308 309 329 328)
4(328 329 349 348)
4(348 349 369 368)
4(368 369 389 388)
4(388 389 409 408)
4(408 409 429 428)
4(428 429 449 448)
4(448 449 469 468)
4(468 469 489 488)
4(488 489 509 508)
4(508 509 529 528)
4(528 529 549 548)
4(548 549 569 568)
4(309 589 590 310)
4(309 310 330 329)
4(329 330 350 349)
4(349 350 370 369)
4(369 370 390 389)
4(389 390 410 409)
4(409 410 430 429)
4(429 430 450 449)
4(449 450 470 469)
4(469 470 490 489)
4(489 490 510 509)
4(509 510 530 529)
4(529 530 550 549)
4(549 550 570 569)
4(310 590 591 311)
4(310 311 331 330)
4(330 331 351 350)
4(350 351 371 370)
4(370 371 391 390)
4(390 391 411 410)
4(410 411 431 430)
4(430 431 451 450)
4(450 451 471 470)
4(470 471 491 490)
4(490 491 511 510)
4(510 511 531 530)
4(530 531 551 550)
4(550 551 571 570)
4(311 591 592 312)
4(311 312 332 331)
4(331 332 352 351)
4(351 352 372 371)
4(371 372 392 391)
4(391 392 412 411)
4(411 412 432 431)
4(431 432 452 451)
4(451 452 472 471)
4(471 472 492 491)
4(491 492 512 511)
4(511 512 532 531)
4(531 532 552 551)
4(551 552 572 571)
4(312 592 593 313)
4(312 313 333 332)
4(332 333 353 352)
4(352 353 373 372)
4(372 373 393 392)
4(392 393 413 412)
4(412 413 433 432)
4(432 433 453 452)
4(452 453 473 472)
4(472 473 493 492)
4(492 493 513 512)
4(512 513 533 532)
4(532 533 553 552)
4(552 553 573 572)
4(313 593 594 314)
4(313 314 334 333)
4(333 334 354 353)
4(353 354 374 373)
4(373 374 394 393)
4(393 394 414 413)
4(413 414 434 433)
4(433 434 454 453)
4(453 454 474 473)
4(473 474 494 493)
4(493 494 514 513)
4(513 514 534 533)
4(533 534 554 553)
4(553 554 574 573)
4(314 594 595 315)
4(314 315 335 334)
4(334 335 355 354)
4(354 355 375 374)
4(374 375 395 394)
4(394 395 415 414)
4(414 415 435 434)
4(434 435 455 454)
4(454 455 475 474)
4(474 475 495 494)
4(494 495 515 514)
4(514 515 535 534)
4(534 535 555 554)
4(554 555 575 574)
4(315 595 596 316)
4(315 316 336 335)
4(335 336 356 355)
4(355 356 376 375)
4(375 376 396 395)
4(395 396 416 415)
4(415 416 436 435)
4(435 436 456 455)
4(455 456 476 475)
4(475 476 496 495)
4(495 496 516 515)
4(515 516 536 535)
4(535 536 556 555)
4(555 556 576 575)
4(316 596 597 317)
4(316 317 337 336)
4(336 337 357 356)
4(356 357 377 376)
4(376 377 397 396)
4(396 397 417 416)
4(416 417 437 436)
4(436 437 457 456)
4(456 457 477 476)
4(476 477 497 496)
4(496 497 517 516)
4(516 517 537 536)
4(536 537 557 556)
4(556 557 577 576)
4(317 597 598 318)
4(317 318 338 337)
4(337 338 358 357)
4(357 358 378 377)
4(377 378 398 397)
4(397 398 418 417)
4(417 418 438 437)
4(437 438 458 457)
4(457 458 478 477)
4(477 478 498 497)
4(497 498 518 517)
4(517 518 538 537)
4(537 538 558 557)
4(557 558 578 577)
4(318 598 599 319)
4(318 319 339 338)
4(338 339 359 358)
4(358 359 379 378)
4(378 379 399 398)
4(398 399 419 418)
4(418 419 439 438)
4(438 439 459 458)
4(458 459 479 478)
4(478 479 499 498)
4(498 499 519 518)
4(518 519 539 538)
4(538 539 559 558)
4(558 559 579 578)
4(319 599 604 627)
4(339 319 627 628)
4(359 339 628 629)
4(379 359 629 600)
4(399 379 600 601)
4(419 399 601 602)
4(439 419 602 603)
4(459 439 603 605)
4(479 459 605 607)
4(499 479 607 608)
4(519 499 608 610)
4(539 519 610 612)
4(559 539 612 613)
4(579 559 613 606)
)


// ************************************************************************* //
