/*--------------------------------*- C++ -*----------------------------------*\
| =========                 |                                                 |
| \\      /  F ield         | OpenFOAM: The Open Source CFD Toolbox           |
|  \\    /   O peration     | Version:  v2012                                 |
|   \\  /    A nd           | Website:  www.openfoam.com                      |
|    \\/     M anipulation  |                                                 |
\*---------------------------------------------------------------------------*/
FoamFile
{
    version     2.0;
    format      ascii;
    class       vectorField;
    location    "constant/polyMesh";
    object      points;
}
// * * * * * * * * * * * * * * * * * * * * * * * * * * * * * * * * * * * * * //


630
(
(0.55036 0.0828744 0.00361837)
(0.531849 0.163898 0.00715592)
(0.501458 0.241259 0.0105336)
(0.459865 0.313232 0.013676)
(0.407999 0.378208 0.0165129)
(0.347019 0.434734 0.0189809)
(0.278288 0.48155 0.0210249)
(0.20334 0.517609 0.0225993)
(0.12385 0.542105 0.0236688)
(0.041593 0.554491 0.0242096)
(-0.041593 0.554491 0.0242096)
(-0.12385 0.542105 0.0236688)
(-0.20334 0.517609 0.0225993)
(-0.278288 0.48155 0.0210249)
(-0.347019 0.434734 0.0189809)
(-0.407999 0.378208 0.0165129)
(-0.459865 0.313232 0.013676)
(-0.501458 0.241259 0.0105336)
(-0.531849 0.163898 0.00715592)
(-0.55036 0.0828744 0.00361837)
(0.613677 0.0924088 0.00403466)
(0.593036 0.182753 0.00797919)
(0.559149 0.269016 0.0117455)
(0.512771 0.349268 0.0152494)
(0.454938 0.421719 0.0184127)
(0.386943 0.484749 0.0211646)
(0.310304 0.536951 0.0234438)
(0.226734 0.577158 0.0251993)
(0.138098 0.604473 0.0263918)
(0.0463781 0.618284 0.0269949)
(-0.0463781 0.618284 0.0269949)
(-0.138098 0.604473 0.0263918)
(-0.226734 0.577158 0.0251993)
(-0.310304 0.536951 0.0234438)
(-0.386943 0.484749 0.0211646)
(-0.454938 0.421719 0.0184127)
(-0.512771 0.349268 0.0152494)
(-0.559149 0.269016 0.0117455)
(-0.593036 0.182753 0.00797919)
(-0.613677 0.0924088 0.00403466)
(0.685339 0.1032 0.0045058)
(0.662288 0.204094 0.00891095)
(0.624443 0.30043 0.013117)
(0.572649 0.390054 0.0170301)
(0.508063 0.470965 0.0205628)
(0.432128 0.541356 0.0236361)
(0.34654 0.599653 0.0261814)
(0.25321 0.644556 0.0281419)
(0.154225 0.67506 0.0294737)
(0.0517939 0.690484 0.0301472)
(-0.0517939 0.690484 0.0301472)
(-0.154225 0.67506 0.0294737)
(-0.25321 0.644556 0.0281419)
(-0.34654 0.599653 0.0261814)
(-0.432128 0.541356 0.0236361)
(-0.508063 0.470965 0.0205628)
(-0.572649 0.390054 0.0170301)
(-0.624443 0.30043 0.013117)
(-0.662288 0.204094 0.00891095)
(-0.685339 0.1032 0.0045058)
(0.766445 0.115413 0.00503904)
(0.740667 0.228248 0.00996552)
(0.698343 0.335984 0.0146694)
(0.640419 0.436215 0.0190456)
(0.56819 0.526702 0.0229963)
(0.483268 0.605422 0.0264333)
(0.387551 0.670619 0.0292799)
(0.283177 0.720836 0.0314724)
(0.172476 0.754949 0.0329618)
(0.0579235 0.772199 0.0337149)
(-0.0579235 0.772199 0.0337149)
(-0.172476 0.754949 0.0329618)
(-0.283177 0.720836 0.0314724)
(-0.387551 0.670619 0.0292799)
(-0.483268 0.605422 0.0264333)
(-0.56819 0.526702 0.0229963)
(-0.640419 0.436215 0.0190456)
(-0.698343 0.335984 0.0146694)
(-0.740667 0.228248 0.00996552)
(-0.766445 0.115413 0.00503904)
(0.858241 0.129236 0.00564256)
(0.829375 0.255585 0.0111591)
(0.781982 0.376224 0.0164263)
(0.717121 0.48846 0.0213266)
(0.636241 0.589784 0.0257505)
(0.541148 0.677933 0.0295992)
(0.433967 0.750938 0.0327867)
(0.317092 0.807169 0.0352417)
(0.193134 0.845368 0.0369096)
(0.0648608 0.864684 0.0377529)
(-0.0648608 0.864684 0.0377529)
(-0.193134 0.845368 0.0369096)
(-0.317092 0.807169 0.0352417)
(-0.433967 0.750938 0.0327867)
(-0.541148 0.677933 0.0295992)
(-0.636241 0.589784 0.0257505)
(-0.717121 0.48846 0.0213266)
(-0.781982 0.376224 0.0164263)
(-0.829375 0.255585 0.0111591)
(-0.858241 0.129236 0.00564256)
(0.962134 0.14488 0.00632561)
(0.929774 0.286524 0.0125099)
(0.876644 0.421768 0.0184148)
(0.803932 0.54759 0.0239083)
(0.713261 0.661179 0.0288677)
(0.606657 0.759999 0.0331823)
(0.486501 0.841842 0.0367556)
(0.355477 0.90488 0.0395079)
(0.216513 0.947704 0.0413776)
(0.0727125 0.969358 0.0423231)
(-0.0727125 0.969358 0.0423231)
(-0.216513 0.947704 0.0413776)
(-0.355477 0.90488 0.0395079)
(-0.486501 0.841842 0.0367556)
(-0.606657 0.759999 0.0331823)
(-0.713261 0.661179 0.0288677)
(-0.803932 0.54759 0.0239083)
(-0.876644 0.421768 0.0184148)
(-0.929774 0.286524 0.0125099)
(-0.962134 0.14488 0.00632561)
(1.07972 0.162587 0.00709869)
(1.04341 0.321542 0.0140388)
(0.983782 0.473314 0.0206653)
(0.902183 0.614513 0.0268302)
(0.800431 0.741985 0.0323957)
(0.680799 0.852882 0.0372376)
(0.545958 0.944727 0.0412477)
(0.398922 1.01547 0.0443363)
(0.242974 1.06353 0.0464346)
(0.081599 1.08783 0.0474955)
(-0.081599 1.08783 0.0474955)
(-0.242974 1.06353 0.0464346)
(-0.398922 1.01547 0.0443363)
(-0.545958 0.944727 0.0412477)
(-0.680799 0.852882 0.0372376)
(-0.800431 0.741985 0.0323957)
(-0.902183 0.614513 0.0268302)
(-0.983782 0.473314 0.0206653)
(-1.04341 0.321542 0.0140388)
(-1.07972 0.162587 0.00709869)
(1.2128 0.182627 0.00797365)
(1.17201 0.361174 0.0157692)
(1.10504 0.531653 0.0232125)
(1.01338 0.690256 0.0301372)
(0.89909 0.833439 0.0363888)
(0.764712 0.958005 0.0418274)
(0.613251 1.06117 0.0463317)
(0.448092 1.14063 0.0498011)
(0.272922 1.19461 0.0521579)
(0.0916566 1.22191 0.0533497)
(-0.0916566 1.22191 0.0533497)
(-0.272922 1.19461 0.0521579)
(-0.448092 1.14063 0.0498011)
(-0.613251 1.06117 0.0463317)
(-0.764712 0.958005 0.0418274)
(-0.89909 0.833439 0.0363888)
(-1.01338 0.690256 0.0301372)
(-1.10504 0.531653 0.0232125)
(-1.17201 0.361174 0.0157692)
(-1.2128 0.182627 0.00797365)
(1.36343 0.205308 0.00896393)
(1.31757 0.406029 0.0177276)
(1.24228 0.597681 0.0260953)
(1.13924 0.775981 0.0338801)
(1.01075 0.936947 0.040908)
(0.859684 1.07698 0.0470221)
(0.689413 1.19296 0.0520858)
(0.503742 1.28229 0.0559861)
(0.306818 1.34298 0.0586356)
(0.10304 1.37366 0.0599754)
(-0.10304 1.37366 0.0599754)
(-0.306818 1.34298 0.0586356)
(-0.503742 1.28229 0.0559861)
(-0.689413 1.19296 0.0520858)
(-0.859684 1.07698 0.0470221)
(-1.01075 0.936947 0.040908)
(-1.13924 0.775981 0.0338801)
(-1.24228 0.597681 0.0260953)
(-1.31757 0.406029 0.0177276)
(-1.36343 0.205308 0.00896393)
(1.5339 0.230978 0.0100847)
(1.48231 0.456796 0.0199442)
(1.39761 0.672411 0.0293581)
(1.28168 0.873004 0.0381162)
(1.13713 1.0541 0.0460229)
(0.967173 1.21164 0.0529014)
(0.775613 1.34212 0.0585983)
(0.566726 1.44262 0.0629862)
(0.34518 1.51089 0.065967)
(0.115923 1.54542 0.0674743)
(-0.115923 1.54542 0.0674743)
(-0.34518 1.51089 0.065967)
(-0.566726 1.44262 0.0629862)
(-0.775613 1.34212 0.0585983)
(-0.967173 1.21164 0.0529014)
(-1.13713 1.0541 0.0460229)
(-1.28168 0.873004 0.0381162)
(-1.39761 0.672411 0.0293581)
(-1.48231 0.456796 0.0199442)
(-1.5339 0.230978 0.0100847)
(1.72684 0.260031 0.0113532)
(1.66876 0.514254 0.0224528)
(1.5734 0.756989 0.0330509)
(1.4429 0.982815 0.0429106)
(1.28016 1.18669 0.0518118)
(1.08883 1.36405 0.0595556)
(0.873172 1.51094 0.065969)
(0.638011 1.62408 0.0709088)
(0.388598 1.70094 0.0742646)
(0.130505 1.7398 0.0759615)
(-0.130505 1.7398 0.0759615)
(-0.388598 1.70094 0.0742646)
(-0.638011 1.62408 0.0709088)
(-0.873172 1.51094 0.065969)
(-1.08883 1.36405 0.0595556)
(-1.28016 1.18669 0.0518118)
(-1.4429 0.982815 0.0429106)
(-1.5734 0.756989 0.0330509)
(-1.66876 0.514254 0.0224528)
(-1.72684 0.260031 0.0113532)
(1.94521 0.292914 0.0127889)
(1.87978 0.579285 0.0252921)
(1.77237 0.852715 0.0372303)
(1.62536 1.1071 0.0483369)
(1.44205 1.33675 0.0583637)
(1.22652 1.53654 0.0670868)
(0.98359 1.70201 0.0743112)
(0.718692 1.82945 0.0798757)
(0.437739 1.91603 0.0836558)
(0.147008 1.95981 0.0855673)
(-0.147008 1.95981 0.0855673)
(-0.437739 1.91603 0.0836558)
(-0.718692 1.82945 0.0798757)
(-0.98359 1.70201 0.0743112)
(-1.22652 1.53654 0.0670868)
(-1.44205 1.33675 0.0583637)
(-1.62536 1.1071 0.0483369)
(-1.77237 0.852715 0.0372303)
(-1.87978 0.579285 0.0252921)
(-1.94521 0.292914 0.0127889)
(2.19236 0.33013 0.0144138)
(2.11862 0.652886 0.0285056)
(1.99756 0.961057 0.0419606)
(1.83187 1.24776 0.0544784)
(1.62526 1.50659 0.0657791)
(1.38235 1.73176 0.0756105)
(1.10856 1.91825 0.0837528)
(0.810005 2.06189 0.0900243)
(0.493356 2.15947 0.0942847)
(0.165686 2.20882 0.096439)
(-0.165686 2.20882 0.096439)
(-0.493356 2.15947 0.0942847)
(-0.810005 2.06189 0.0900243)
(-1.10856 1.91825 0.0837528)
(-1.38235 1.73176 0.0756105)
(-1.62526 1.50659 0.0657791)
(-1.83187 1.24776 0.0544784)
(-1.99756 0.961057 0.0419606)
(-2.11862 0.652886 0.0285056)
(-2.19236 0.33013 0.0144138)
(2.47208 0.372251 0.0162528)
(2.38893 0.736187 0.0321426)
(2.25242 1.08368 0.0473144)
(2.0656 1.40696 0.0614292)
(1.83263 1.69881 0.0741718)
(1.55872 1.95272 0.0852575)
(1.25 2.163 0.0944387)
(0.913353 2.32497 0.10151)
(0.556302 2.435 0.106314)
(0.186825 2.49064 0.108744)
(-0.186825 2.49064 0.108744)
(-0.556302 2.435 0.106314)
(-0.913353 2.32497 0.10151)
(-1.25 2.163 0.0944387)
(-1.55872 1.95272 0.0852575)
(-1.83263 1.69881 0.0741718)
(-2.0656 1.40696 0.0614292)
(-2.25242 1.08368 0.0473144)
(-2.38893 0.736187 0.0321426)
(-2.47208 0.372251 0.0162528)
(0.494415 0.0744502 0.00325057)
(0.477786 0.147237 0.00642852)
(0.450484 0.216735 0.00946287)
(0.413119 0.281392 0.0122858)
(0.366526 0.339763 0.0148344)
(0.311745 0.390544 0.0170515)
(0.25 0.432601 0.0188877)
(0.182671 0.464994 0.0203021)
(0.11126 0.487 0.0212629)
(0.037365 0.498127 0.0217487)
(-0.037365 0.498127 0.0217487)
(-0.11126 0.487 0.0212629)
(-0.182671 0.464994 0.0203021)
(-0.25 0.432601 0.0188877)
(-0.311745 0.390544 0.0170515)
(-0.366526 0.339763 0.0148344)
(-0.413119 0.281392 0.0122858)
(-0.450484 0.216735 0.00946287)
(-0.477786 0.147237 0.00642852)
(-0.494415 0.0744502 0.00325057)
(0.55036 0.0828744 -0.00361837)
(0.531849 0.163898 -0.00715592)
(0.501458 0.241259 -0.0105336)
(0.459865 0.313232 -0.013676)
(0.407999 0.378208 -0.0165129)
(0.347019 0.434734 -0.0189809)
(0.278288 0.48155 -0.0210249)
(0.20334 0.517609 -0.0225993)
(0.12385 0.542105 -0.0236688)
(0.041593 0.554491 -0.0242096)
(-0.041593 0.554491 -0.0242096)
(-0.12385 0.542105 -0.0236688)
(-0.20334 0.517609 -0.0225993)
(-0.278288 0.48155 -0.0210249)
(-0.347019 0.434734 -0.0189809)
(-0.407999 0.378208 -0.0165129)
(-0.459865 0.313232 -0.013676)
(-0.501458 0.241259 -0.0105336)
(-0.531849 0.163898 -0.00715592)
(-0.55036 0.0828744 -0.00361837)
(0.613677 0.0924088 -0.00403466)
(0.593036 0.182753 -0.00797919)
(0.559149 0.269016 -0.0117455)
(0.512771 0.349268 -0.0152494)
(0.454938 0.421719 -0.0184127)
(0.386943 0.484749 -0.0211646)
(0.310304 0.536951 -0.0234438)
(0.226734 0.577158 -0.0251993)
(0.138098 0.604473 -0.0263918)
(0.0463781 0.618284 -0.0269949)
(-0.0463781 0.618284 -0.0269949)
(-0.138098 0.604473 -0.0263918)
(-0.226734 0.577158 -0.0251993)
(-0.310304 0.536951 -0.0234438)
(-0.386943 0.484749 -0.0211646)
(-0.454938 0.421719 -0.0184127)
(-0.512771 0.349268 -0.0152494)
(-0.559149 0.269016 -0.0117455)
(-0.593036 0.182753 -0.00797919)
(-0.613677 0.0924088 -0.00403466)
(0.685339 0.1032 -0.0045058)
(0.662288 0.204094 -0.00891095)
(0.624443 0.30043 -0.013117)
(0.572649 0.390054 -0.0170301)
(0.508063 0.470965 -0.0205628)
(0.432128 0.541356 -0.0236361)
(0.34654 0.599653 -0.0261814)
(0.25321 0.644556 -0.0281419)
(0.154225 0.67506 -0.0294737)
(0.0517939 0.690484 -0.0301472)
(-0.0517939 0.690484 -0.0301472)
(-0.154225 0.67506 -0.0294737)
(-0.25321 0.644556 -0.0281419)
(-0.34654 0.599653 -0.0261814)
(-0.432128 0.541356 -0.0236361)
(-0.508063 0.470965 -0.0205628)
(-0.572649 0.390054 -0.0170301)
(-0.624443 0.30043 -0.013117)
(-0.662288 0.204094 -0.00891095)
(-0.685339 0.1032 -0.0045058)
(0.766445 0.115413 -0.00503904)
(0.740667 0.228248 -0.00996552)
(0.698343 0.335984 -0.0146694)
(0.640419 0.436215 -0.0190456)
(0.56819 0.526702 -0.0229963)
(0.483268 0.605422 -0.0264333)
(0.387551 0.670619 -0.0292799)
(0.283177 0.720836 -0.0314724)
(0.172476 0.754949 -0.0329618)
(0.0579235 0.772199 -0.0337149)
(-0.0579235 0.772199 -0.0337149)
(-0.172476 0.754949 -0.0329618)
(-0.283177 0.720836 -0.0314724)
(-0.387551 0.670619 -0.0292799)
(-0.483268 0.605422 -0.0264333)
(-0.56819 0.526702 -0.0229963)
(-0.640419 0.436215 -0.0190456)
(-0.698343 0.335984 -0.0146694)
(-0.740667 0.228248 -0.00996552)
(-0.766445 0.115413 -0.00503904)
(0.858241 0.129236 -0.00564256)
(0.829375 0.255585 -0.0111591)
(0.781982 0.376224 -0.0164263)
(0.717121 0.48846 -0.0213266)
(0.636241 0.589784 -0.0257505)
(0.541148 0.677933 -0.0295992)
(0.433967 0.750938 -0.0327867)
(0.317092 0.807169 -0.0352417)
(0.193134 0.845368 -0.0369096)
(0.0648608 0.864684 -0.0377529)
(-0.0648608 0.864684 -0.0377529)
(-0.193134 0.845368 -0.0369096)
(-0.317092 0.807169 -0.0352417)
(-0.433967 0.750938 -0.0327867)
(-0.541148 0.677933 -0.0295992)
(-0.636241 0.589784 -0.0257505)
(-0.717121 0.48846 -0.0213266)
(-0.781982 0.376224 -0.0164263)
(-0.829375 0.255585 -0.0111591)
(-0.858241 0.129236 -0.00564256)
(0.962134 0.14488 -0.00632561)
(0.929774 0.286524 -0.0125099)
(0.876644 0.421768 -0.0184148)
(0.803932 0.54759 -0.0239083)
(0.713261 0.661179 -0.0288677)
(0.606657 0.759999 -0.0331823)
(0.486501 0.841842 -0.0367556)
(0.355477 0.90488 -0.0395079)
(0.216513 0.947704 -0.0413776)
(0.0727125 0.969358 -0.0423231)
(-0.0727125 0.969358 -0.0423231)
(-0.216513 0.947704 -0.0413776)
(-0.355477 0.90488 -0.0395079)
(-0.486501 0.841842 -0.0367556)
(-0.606657 0.759999 -0.0331823)
(-0.713261 0.661179 -0.0288677)
(-0.803932 0.54759 -0.0239083)
(-0.876644 0.421768 -0.0184148)
(-0.929774 0.286524 -0.0125099)
(-0.962134 0.14488 -0.00632561)
(1.07972 0.162587 -0.00709869)
(1.04341 0.321542 -0.0140388)
(0.983782 0.473314 -0.0206653)
(0.902183 0.614513 -0.0268302)
(0.800431 0.741985 -0.0323957)
(0.680799 0.852882 -0.0372376)
(0.545958 0.944727 -0.0412477)
(0.398922 1.01547 -0.0443363)
(0.242974 1.06353 -0.0464346)
(0.081599 1.08783 -0.0474955)
(-0.081599 1.08783 -0.0474955)
(-0.242974 1.06353 -0.0464346)
(-0.398922 1.01547 -0.0443363)
(-0.545958 0.944727 -0.0412477)
(-0.680799 0.852882 -0.0372376)
(-0.800431 0.741985 -0.0323957)
(-0.902183 0.614513 -0.0268302)
(-0.983782 0.473314 -0.0206653)
(-1.04341 0.321542 -0.0140388)
(-1.07972 0.162587 -0.00709869)
(1.2128 0.182627 -0.00797365)
(1.17201 0.361174 -0.0157692)
(1.10504 0.531653 -0.0232125)
(1.01338 0.690256 -0.0301372)
(0.89909 0.833439 -0.0363888)
(0.764712 0.958005 -0.0418274)
(0.613251 1.06117 -0.0463317)
(0.448092 1.14063 -0.0498011)
(0.272922 1.19461 -0.0521579)
(0.0916566 1.22191 -0.0533497)
(-0.0916566 1.22191 -0.0533497)
(-0.272922 1.19461 -0.0521579)
(-0.448092 1.14063 -0.0498011)
(-0.613251 1.06117 -0.0463317)
(-0.764712 0.958005 -0.0418274)
(-0.89909 0.833439 -0.0363888)
(-1.01338 0.690256 -0.0301372)
(-1.10504 0.531653 -0.0232125)
(-1.17201 0.361174 -0.0157692)
(-1.2128 0.182627 -0.00797365)
(1.36343 0.205308 -0.00896393)
(1.31757 0.406029 -0.0177276)
(1.24228 0.597681 -0.0260953)
(1.13924 0.775981 -0.0338801)
(1.01075 0.936947 -0.040908)
(0.859684 1.07698 -0.0470221)
(0.689413 1.19296 -0.0520858)
(0.503742 1.28229 -0.0559861)
(0.306818 1.34298 -0.0586356)
(0.10304 1.37366 -0.0599754)
(-0.10304 1.37366 -0.0599754)
(-0.306818 1.34298 -0.0586356)
(-0.503742 1.28229 -0.0559861)
(-0.689413 1.19296 -0.0520858)
(-0.859684 1.07698 -0.0470221)
(-1.01075 0.936947 -0.040908)
(-1.13924 0.775981 -0.0338801)
(-1.24228 0.597681 -0.0260953)
(-1.31757 0.406029 -0.0177276)
(-1.36343 0.205308 -0.00896393)
(1.5339 0.230978 -0.0100847)
(1.48231 0.456796 -0.0199442)
(1.39761 0.672411 -0.0293581)
(1.28168 0.873004 -0.0381162)
(1.13713 1.0541 -0.0460229)
(0.967173 1.21164 -0.0529014)
(0.775613 1.34212 -0.0585983)
(0.566726 1.44262 -0.0629862)
(0.34518 1.51089 -0.065967)
(0.115923 1.54542 -0.0674743)
(-0.115923 1.54542 -0.0674743)
(-0.34518 1.51089 -0.065967)
(-0.566726 1.44262 -0.0629862)
(-0.775613 1.34212 -0.0585983)
(-0.967173 1.21164 -0.0529014)
(-1.13713 1.0541 -0.0460229)
(-1.28168 0.873004 -0.0381162)
(-1.39761 0.672411 -0.0293581)
(-1.48231 0.456796 -0.0199442)
(-1.5339 0.230978 -0.0100847)
(1.72684 0.260031 -0.0113532)
(1.66876 0.514254 -0.0224528)
(1.5734 0.756989 -0.0330509)
(1.4429 0.982815 -0.0429106)
(1.28016 1.18669 -0.0518118)
(1.08883 1.36405 -0.0595556)
(0.873172 1.51094 -0.065969)
(0.638011 1.62408 -0.0709088)
(0.388598 1.70094 -0.0742646)
(0.130505 1.7398 -0.0759615)
(-0.130505 1.7398 -0.0759615)
(-0.388598 1.70094 -0.0742646)
(-0.638011 1.62408 -0.0709088)
(-0.873172 1.51094 -0.065969)
(-1.08883 1.36405 -0.0595556)
(-1.28016 1.18669 -0.0518118)
(-1.4429 0.982815 -0.0429106)
(-1.5734 0.756989 -0.0330509)
(-1.66876 0.514254 -0.0224528)
(-1.72684 0.260031 -0.0113532)
(1.94521 0.292914 -0.0127889)
(1.87978 0.579285 -0.0252921)
(1.77237 0.852715 -0.0372303)
(1.62536 1.1071 -0.0483369)
(1.44205 1.33675 -0.0583637)
(1.22652 1.53654 -0.0670868)
(0.98359 1.70201 -0.0743112)
(0.718692 1.82945 -0.0798757)
(0.437739 1.91603 -0.0836558)
(0.147008 1.95981 -0.0855673)
(-0.147008 1.95981 -0.0855673)
(-0.437739 1.91603 -0.0836558)
(-0.718692 1.82945 -0.0798757)
(-0.98359 1.70201 -0.0743112)
(-1.22652 1.53654 -0.0670868)
(-1.44205 1.33675 -0.0583637)
(-1.62536 1.1071 -0.0483369)
(-1.77237 0.852715 -0.0372303)
(-1.87978 0.579285 -0.0252921)
(-1.94521 0.292914 -0.0127889)
(2.19236 0.33013 -0.0144138)
(2.11862 0.652886 -0.0285056)
(1.99756 0.961057 -0.0419606)
(1.83187 1.24776 -0.0544784)
(1.62526 1.50659 -0.0657791)
(1.38235 1.73176 -0.0756105)
(1.10856 1.91825 -0.0837528)
(0.810005 2.06189 -0.0900243)
(0.493356 2.15947 -0.0942847)
(0.165686 2.20882 -0.096439)
(-0.165686 2.20882 -0.096439)
(-0.493356 2.15947 -0.0942847)
(-0.810005 2.06189 -0.0900243)
(-1.10856 1.91825 -0.0837528)
(-1.38235 1.73176 -0.0756105)
(-1.62526 1.50659 -0.0657791)
(-1.83187 1.24776 -0.0544784)
(-1.99756 0.961057 -0.0419606)
(-2.11862 0.652886 -0.0285056)
(-2.19236 0.33013 -0.0144138)
(2.47208 0.372251 -0.0162528)
(2.38893 0.736187 -0.0321426)
(2.25242 1.08368 -0.0473144)
(2.0656 1.40696 -0.0614292)
(1.83263 1.69881 -0.0741718)
(1.55872 1.95272 -0.0852575)
(1.25 2.163 -0.0944387)
(0.913353 2.32497 -0.10151)
(0.556302 2.435 -0.106314)
(0.186825 2.49064 -0.108744)
(-0.186825 2.49064 -0.108744)
(-0.556302 2.435 -0.106314)
(-0.913353 2.32497 -0.10151)
(-1.25 2.163 -0.0944387)
(-1.55872 1.95272 -0.0852575)
(-1.83263 1.69881 -0.0741718)
(-2.0656 1.40696 -0.0614292)
(-2.25242 1.08368 -0.0473144)
(-2.38893 0.736187 -0.0321426)
(-2.47208 0.372251 -0.0162528)
(0.494415 0.0744502 -0.00325057)
(0.477786 0.147237 -0.00642852)
(0.450484 0.216735 -0.00946287)
(0.413119 0.281392 -0.0122858)
(0.366526 0.339763 -0.0148344)
(0.311745 0.390544 -0.0170515)
(0.25 0.432601 -0.0188877)
(0.182671 0.464994 -0.0203021)
(0.11126 0.487 -0.0212629)
(0.037365 0.498127 -0.0217487)
(-0.037365 0.498127 -0.0217487)
(-0.11126 0.487 -0.0212629)
(-0.182671 0.464994 -0.0203021)
(-0.25 0.432601 -0.0188877)
(-0.311745 0.390544 -0.0170515)
(-0.366526 0.339763 -0.0148344)
(-0.413119 0.281392 -0.0122858)
(-0.450484 0.216735 -0.00946287)
(-0.477786 0.147237 -0.00642852)
(-0.494415 0.0744502 -0.00325057)
(-0.775102 0 0)
(-0.867935 0 0)
(-0.973002 0 0)
(-1.09192 0 0)
(-0.5 0 0)
(-1.2265 0 0)
(-2.5 0 0)
(-1.37883 0 0)
(-1.55123 0 0)
(0.5 0 0)
(-1.74634 0 0)
(2.5 0 0)
(-1.96718 0 0)
(-2.21712 0 0)
(0.556576 0 0)
(0.620608 0 0)
(0.69308 0 0)
(0.775102 0 0)
(0.867935 0 0)
(0.973002 0 0)
(1.09192 0 0)
(1.2265 0 0)
(1.37883 0 0)
(1.55123 0 0)
(1.74634 0 0)
(1.96718 0 0)
(2.21712 0 0)
(-0.556576 0 0)
(-0.620608 0 0)
(-0.69308 0 0)
)


// ************************************************************************* //
