/*--------------------------------*- C++ -*----------------------------------*\
| =========                 |                                                 |
| \\      /  F ield         | OpenFOAM: The Open Source CFD Toolbox           |
|  \\    /   O peration     | Version:  v2012                                 |
|   \\  /    A nd           | Website:  www.openfoam.com                      |
|    \\/     M anipulation  |                                                 |
\*---------------------------------------------------------------------------*/
FoamFile
{
    version     2.0;
    format      ascii;
    class       faceList;
    location    "constant/polyMesh";
    object      faces;
}
// * * * * * * * * * * * * * * * * * * * * * * * * * * * * * * * * * * * * * //


2137
(
3(0 1084 540)
4(0 540 1053 513)
3(1085 567 27)
4(0 27 567 540)
3(1086 594 54)
4(27 54 594 567)
3(1087 621 81)
4(54 81 621 594)
3(1088 648 108)
4(81 108 648 621)
3(1089 675 135)
4(108 135 675 648)
3(1090 702 162)
4(135 162 702 675)
3(1091 729 189)
4(162 189 729 702)
3(1092 756 216)
4(189 216 756 729)
3(1093 783 243)
4(216 243 783 756)
3(1094 810 270)
4(243 270 810 783)
3(1095 837 297)
4(270 297 837 810)
3(1096 864 324)
4(297 324 864 837)
3(1097 891 351)
4(324 351 891 864)
3(1098 918 378)
4(351 378 918 891)
3(1099 945 405)
4(378 405 945 918)
3(1100 972 432)
4(405 432 972 945)
3(1101 999 459)
4(432 459 999 972)
4(459 486 1026 999)
4(0 540 541 1)
4(1 541 1054 514)
4(27 567 568 28)
4(1 28 568 541)
4(54 594 595 55)
4(28 55 595 568)
4(81 621 622 82)
4(55 82 622 595)
4(108 648 649 109)
4(82 109 649 622)
4(135 675 676 136)
4(109 136 676 649)
4(162 702 703 163)
4(136 163 703 676)
4(189 729 730 190)
4(163 190 730 703)
4(216 756 757 217)
4(190 217 757 730)
4(243 783 784 244)
4(217 244 784 757)
4(270 810 811 271)
4(244 271 811 784)
4(297 837 838 298)
4(271 298 838 811)
4(324 864 865 325)
4(298 325 865 838)
4(351 891 892 352)
4(325 352 892 865)
4(378 918 919 379)
4(352 379 919 892)
4(405 945 946 406)
4(379 406 946 919)
4(432 972 973 433)
4(406 433 973 946)
4(459 999 1000 460)
4(433 460 1000 973)
4(460 487 1027 1000)
4(1 541 542 2)
4(2 542 1055 515)
4(28 568 569 29)
4(2 29 569 542)
4(55 595 596 56)
4(29 56 596 569)
4(82 622 623 83)
4(56 83 623 596)
4(109 649 650 110)
4(83 110 650 623)
4(136 676 677 137)
4(110 137 677 650)
4(163 703 704 164)
4(137 164 704 677)
4(190 730 731 191)
4(164 191 731 704)
4(217 757 758 218)
4(191 218 758 731)
4(244 784 785 245)
4(218 245 785 758)
4(271 811 812 272)
4(245 272 812 785)
4(298 838 839 299)
4(272 299 839 812)
4(325 865 866 326)
4(299 326 866 839)
4(352 892 893 353)
4(326 353 893 866)
4(379 919 920 380)
4(353 380 920 893)
4(406 946 947 407)
4(380 407 947 920)
4(433 973 974 434)
4(407 434 974 947)
4(460 1000 1001 461)
4(434 461 1001 974)
4(461 488 1028 1001)
4(2 542 543 3)
4(3 543 1056 516)
4(29 569 570 30)
4(3 30 570 543)
4(56 596 597 57)
4(30 57 597 570)
4(83 623 624 84)
4(57 84 624 597)
4(110 650 651 111)
4(84 111 651 624)
4(137 677 678 138)
4(111 138 678 651)
4(164 704 705 165)
4(138 165 705 678)
4(191 731 732 192)
4(165 192 732 705)
4(218 758 759 219)
4(192 219 759 732)
4(245 785 786 246)
4(219 246 786 759)
4(272 812 813 273)
4(246 273 813 786)
4(299 839 840 300)
4(273 300 840 813)
4(326 866 867 327)
4(300 327 867 840)
4(353 893 894 354)
4(327 354 894 867)
4(380 920 921 381)
4(354 381 921 894)
4(407 947 948 408)
4(381 408 948 921)
4(434 974 975 435)
4(408 435 975 948)
4(461 1001 1002 462)
4(435 462 1002 975)
4(462 489 1029 1002)
4(3 543 544 4)
4(4 544 1057 517)
4(30 570 571 31)
4(4 31 571 544)
4(57 597 598 58)
4(31 58 598 571)
4(84 624 625 85)
4(58 85 625 598)
4(111 651 652 112)
4(85 112 652 625)
4(138 678 679 139)
4(112 139 679 652)
4(165 705 706 166)
4(139 166 706 679)
4(192 732 733 193)
4(166 193 733 706)
4(219 759 760 220)
4(193 220 760 733)
4(246 786 787 247)
4(220 247 787 760)
4(273 813 814 274)
4(247 274 814 787)
4(300 840 841 301)
4(274 301 841 814)
4(327 867 868 328)
4(301 328 868 841)
4(354 894 895 355)
4(328 355 895 868)
4(381 921 922 382)
4(355 382 922 895)
4(408 948 949 409)
4(382 409 949 922)
4(435 975 976 436)
4(409 436 976 949)
4(462 1002 1003 463)
4(436 463 1003 976)
4(463 490 1030 1003)
4(4 544 545 5)
4(5 545 1058 518)
4(31 571 572 32)
4(5 32 572 545)
4(58 598 599 59)
4(32 59 599 572)
4(85 625 626 86)
4(59 86 626 599)
4(112 652 653 113)
4(86 113 653 626)
4(139 679 680 140)
4(113 140 680 653)
4(166 706 707 167)
4(140 167 707 680)
4(193 733 734 194)
4(167 194 734 707)
4(220 760 761 221)
4(194 221 761 734)
4(247 787 788 248)
4(221 248 788 761)
4(274 814 815 275)
4(248 275 815 788)
4(301 841 842 302)
4(275 302 842 815)
4(328 868 869 329)
4(302 329 869 842)
4(355 895 896 356)
4(329 356 896 869)
4(382 922 923 383)
4(356 383 923 896)
4(409 949 950 410)
4(383 410 950 923)
4(436 976 977 437)
4(410 437 977 950)
4(463 1003 1004 464)
4(437 464 1004 977)
4(464 491 1031 1004)
4(5 545 546 6)
4(6 546 1059 519)
4(32 572 573 33)
4(6 33 573 546)
4(59 599 600 60)
4(33 60 600 573)
4(86 626 627 87)
4(60 87 627 600)
4(113 653 654 114)
4(87 114 654 627)
4(140 680 681 141)
4(114 141 681 654)
4(167 707 708 168)
4(141 168 708 681)
4(194 734 735 195)
4(168 195 735 708)
4(221 761 762 222)
4(195 222 762 735)
4(248 788 789 249)
4(222 249 789 762)
4(275 815 816 276)
4(249 276 816 789)
4(302 842 843 303)
4(276 303 843 816)
4(329 869 870 330)
4(303 330 870 843)
4(356 896 897 357)
4(330 357 897 870)
4(383 923 924 384)
4(357 384 924 897)
4(410 950 951 411)
4(384 411 951 924)
4(437 977 978 438)
4(411 438 978 951)
4(464 1004 1005 465)
4(438 465 1005 978)
4(465 492 1032 1005)
4(6 546 547 7)
4(7 547 1060 520)
4(33 573 574 34)
4(7 34 574 547)
4(60 600 601 61)
4(34 61 601 574)
4(87 627 628 88)
4(61 88 628 601)
4(114 654 655 115)
4(88 115 655 628)
4(141 681 682 142)
4(115 142 682 655)
4(168 708 709 169)
4(142 169 709 682)
4(195 735 736 196)
4(169 196 736 709)
4(222 762 763 223)
4(196 223 763 736)
4(249 789 790 250)
4(223 250 790 763)
4(276 816 817 277)
4(250 277 817 790)
4(303 843 844 304)
4(277 304 844 817)
4(330 870 871 331)
4(304 331 871 844)
4(357 897 898 358)
4(331 358 898 871)
4(384 924 925 385)
4(358 385 925 898)
4(411 951 952 412)
4(385 412 952 925)
4(438 978 979 439)
4(412 439 979 952)
4(465 1005 1006 466)
4(439 466 1006 979)
4(466 493 1033 1006)
4(7 547 548 8)
4(8 548 1061 521)
4(34 574 575 35)
4(8 35 575 548)
4(61 601 602 62)
4(35 62 602 575)
4(88 628 629 89)
4(62 89 629 602)
4(115 655 656 116)
4(89 116 656 629)
4(142 682 683 143)
4(116 143 683 656)
4(169 709 710 170)
4(143 170 710 683)
4(196 736 737 197)
4(170 197 737 710)
4(223 763 764 224)
4(197 224 764 737)
4(250 790 791 251)
4(224 251 791 764)
4(277 817 818 278)
4(251 278 818 791)
4(304 844 845 305)
4(278 305 845 818)
4(331 871 872 332)
4(305 332 872 845)
4(358 898 899 359)
4(332 359 899 872)
4(385 925 926 386)
4(359 386 926 899)
4(412 952 953 413)
4(386 413 953 926)
4(439 979 980 440)
4(413 440 980 953)
4(466 1006 1007 467)
4(440 467 1007 980)
4(467 494 1034 1007)
4(8 548 549 9)
4(9 549 1062 522)
4(35 575 576 36)
4(9 36 576 549)
4(62 602 603 63)
4(36 63 603 576)
4(89 629 630 90)
4(63 90 630 603)
4(116 656 657 117)
4(90 117 657 630)
4(143 683 684 144)
4(117 144 684 657)
4(170 710 711 171)
4(144 171 711 684)
4(197 737 738 198)
4(171 198 738 711)
4(224 764 765 225)
4(198 225 765 738)
4(251 791 792 252)
4(225 252 792 765)
4(278 818 819 279)
4(252 279 819 792)
4(305 845 846 306)
4(279 306 846 819)
4(332 872 873 333)
4(306 333 873 846)
4(359 899 900 360)
4(333 360 900 873)
4(386 926 927 387)
4(360 387 927 900)
4(413 953 954 414)
4(387 414 954 927)
4(440 980 981 441)
4(414 441 981 954)
4(467 1007 1008 468)
4(441 468 1008 981)
4(468 495 1035 1008)
4(9 549 550 10)
4(10 550 1063 523)
4(36 576 577 37)
4(10 37 577 550)
4(63 603 604 64)
4(37 64 604 577)
4(90 630 631 91)
4(64 91 631 604)
4(117 657 658 118)
4(91 118 658 631)
4(144 684 685 145)
4(118 145 685 658)
4(171 711 712 172)
4(145 172 712 685)
4(198 738 739 199)
4(172 199 739 712)
4(225 765 766 226)
4(199 226 766 739)
4(252 792 793 253)
4(226 253 793 766)
4(279 819 820 280)
4(253 280 820 793)
4(306 846 847 307)
4(280 307 847 820)
4(333 873 874 334)
4(307 334 874 847)
4(360 900 901 361)
4(334 361 901 874)
4(387 927 928 388)
4(361 388 928 901)
4(414 954 955 415)
4(388 415 955 928)
4(441 981 982 442)
4(415 442 982 955)
4(468 1008 1009 469)
4(442 469 1009 982)
4(469 496 1036 1009)
4(10 550 551 11)
4(11 551 1064 524)
4(37 577 578 38)
4(11 38 578 551)
4(64 604 605 65)
4(38 65 605 578)
4(91 631 632 92)
4(65 92 632 605)
4(118 658 659 119)
4(92 119 659 632)
4(145 685 686 146)
4(119 146 686 659)
4(172 712 713 173)
4(146 173 713 686)
4(199 739 740 200)
4(173 200 740 713)
4(226 766 767 227)
4(200 227 767 740)
4(253 793 794 254)
4(227 254 794 767)
4(280 820 821 281)
4(254 281 821 794)
4(307 847 848 308)
4(281 308 848 821)
4(334 874 875 335)
4(308 335 875 848)
4(361 901 902 362)
4(335 362 902 875)
4(388 928 929 389)
4(362 389 929 902)
4(415 955 956 416)
4(389 416 956 929)
4(442 982 983 443)
4(416 443 983 956)
4(469 1009 1010 470)
4(443 470 1010 983)
4(470 497 1037 1010)
4(11 551 552 12)
4(12 552 1065 525)
4(38 578 579 39)
4(12 39 579 552)
4(65 605 606 66)
4(39 66 606 579)
4(92 632 633 93)
4(66 93 633 606)
4(119 659 660 120)
4(93 120 660 633)
4(146 686 687 147)
4(120 147 687 660)
4(173 713 714 174)
4(147 174 714 687)
4(200 740 741 201)
4(174 201 741 714)
4(227 767 768 228)
4(201 228 768 741)
4(254 794 795 255)
4(228 255 795 768)
4(281 821 822 282)
4(255 282 822 795)
4(308 848 849 309)
4(282 309 849 822)
4(335 875 876 336)
4(309 336 876 849)
4(362 902 903 363)
4(336 363 903 876)
4(389 929 930 390)
4(363 390 930 903)
4(416 956 957 417)
4(390 417 957 930)
4(443 983 984 444)
4(417 444 984 957)
4(470 1010 1011 471)
4(444 471 1011 984)
4(471 498 1038 1011)
4(12 552 553 13)
4(13 553 1066 526)
4(39 579 580 40)
4(13 40 580 553)
4(66 606 607 67)
4(40 67 607 580)
4(93 633 634 94)
4(67 94 634 607)
4(120 660 661 121)
4(94 121 661 634)
4(147 687 688 148)
4(121 148 688 661)
4(174 714 715 175)
4(148 175 715 688)
4(201 741 742 202)
4(175 202 742 715)
4(228 768 769 229)
4(202 229 769 742)
4(255 795 796 256)
4(229 256 796 769)
4(282 822 823 283)
4(256 283 823 796)
4(309 849 850 310)
4(283 310 850 823)
4(336 876 877 337)
4(310 337 877 850)
4(363 903 904 364)
4(337 364 904 877)
4(390 930 931 391)
4(364 391 931 904)
4(417 957 958 418)
4(391 418 958 931)
4(444 984 985 445)
4(418 445 985 958)
4(471 1011 1012 472)
4(445 472 1012 985)
4(472 499 1039 1012)
4(13 553 554 14)
4(14 554 1067 527)
4(40 580 581 41)
4(14 41 581 554)
4(67 607 608 68)
4(41 68 608 581)
4(94 634 635 95)
4(68 95 635 608)
4(121 661 662 122)
4(95 122 662 635)
4(148 688 689 149)
4(122 149 689 662)
4(175 715 716 176)
4(149 176 716 689)
4(202 742 743 203)
4(176 203 743 716)
4(229 769 770 230)
4(203 230 770 743)
4(256 796 797 257)
4(230 257 797 770)
4(283 823 824 284)
4(257 284 824 797)
4(310 850 851 311)
4(284 311 851 824)
4(337 877 878 338)
4(311 338 878 851)
4(364 904 905 365)
4(338 365 905 878)
4(391 931 932 392)
4(365 392 932 905)
4(418 958 959 419)
4(392 419 959 932)
4(445 985 986 446)
4(419 446 986 959)
4(472 1012 1013 473)
4(446 473 1013 986)
4(473 500 1040 1013)
4(14 554 555 15)
4(15 555 1068 528)
4(41 581 582 42)
4(15 42 582 555)
4(68 608 609 69)
4(42 69 609 582)
4(95 635 636 96)
4(69 96 636 609)
4(122 662 663 123)
4(96 123 663 636)
4(149 689 690 150)
4(123 150 690 663)
4(176 716 717 177)
4(150 177 717 690)
4(203 743 744 204)
4(177 204 744 717)
4(230 770 771 231)
4(204 231 771 744)
4(257 797 798 258)
4(231 258 798 771)
4(284 824 825 285)
4(258 285 825 798)
4(311 851 852 312)
4(285 312 852 825)
4(338 878 879 339)
4(312 339 879 852)
4(365 905 906 366)
4(339 366 906 879)
4(392 932 933 393)
4(366 393 933 906)
4(419 959 960 420)
4(393 420 960 933)
4(446 986 987 447)
4(420 447 987 960)
4(473 1013 1014 474)
4(447 474 1014 987)
4(474 501 1041 1014)
4(15 555 556 16)
4(16 556 1069 529)
4(42 582 583 43)
4(16 43 583 556)
4(69 609 610 70)
4(43 70 610 583)
4(96 636 637 97)
4(70 97 637 610)
4(123 663 664 124)
4(97 124 664 637)
4(150 690 691 151)
4(124 151 691 664)
4(177 717 718 178)
4(151 178 718 691)
4(204 744 745 205)
4(178 205 745 718)
4(231 771 772 232)
4(205 232 772 745)
4(258 798 799 259)
4(232 259 799 772)
4(285 825 826 286)
4(259 286 826 799)
4(312 852 853 313)
4(286 313 853 826)
4(339 879 880 340)
4(313 340 880 853)
4(366 906 907 367)
4(340 367 907 880)
4(393 933 934 394)
4(367 394 934 907)
4(420 960 961 421)
4(394 421 961 934)
4(447 987 988 448)
4(421 448 988 961)
4(474 1014 1015 475)
4(448 475 1015 988)
4(475 502 1042 1015)
4(16 556 557 17)
4(17 557 1070 530)
4(43 583 584 44)
4(17 44 584 557)
4(70 610 611 71)
4(44 71 611 584)
4(97 637 638 98)
4(71 98 638 611)
4(124 664 665 125)
4(98 125 665 638)
4(151 691 692 152)
4(125 152 692 665)
4(178 718 719 179)
4(152 179 719 692)
4(205 745 746 206)
4(179 206 746 719)
4(232 772 773 233)
4(206 233 773 746)
4(259 799 800 260)
4(233 260 800 773)
4(286 826 827 287)
4(260 287 827 800)
4(313 853 854 314)
4(287 314 854 827)
4(340 880 881 341)
4(314 341 881 854)
4(367 907 908 368)
4(341 368 908 881)
4(394 934 935 395)
4(368 395 935 908)
4(421 961 962 422)
4(395 422 962 935)
4(448 988 989 449)
4(422 449 989 962)
4(475 1015 1016 476)
4(449 476 1016 989)
4(476 503 1043 1016)
4(17 557 558 18)
4(18 558 1071 531)
4(44 584 585 45)
4(18 45 585 558)
4(71 611 612 72)
4(45 72 612 585)
4(98 638 639 99)
4(72 99 639 612)
4(125 665 666 126)
4(99 126 666 639)
4(152 692 693 153)
4(126 153 693 666)
4(179 719 720 180)
4(153 180 720 693)
4(206 746 747 207)
4(180 207 747 720)
4(233 773 774 234)
4(207 234 774 747)
4(260 800 801 261)
4(234 261 801 774)
4(287 827 828 288)
4(261 288 828 801)
4(314 854 855 315)
4(288 315 855 828)
4(341 881 882 342)
4(315 342 882 855)
4(368 908 909 369)
4(342 369 909 882)
4(395 935 936 396)
4(369 396 936 909)
4(422 962 963 423)
4(396 423 963 936)
4(449 989 990 450)
4(423 450 990 963)
4(476 1016 1017 477)
4(450 477 1017 990)
4(477 504 1044 1017)
4(18 558 559 19)
4(19 559 1072 532)
4(45 585 586 46)
4(19 46 586 559)
4(72 612 613 73)
4(46 73 613 586)
4(99 639 640 100)
4(73 100 640 613)
4(126 666 667 127)
4(100 127 667 640)
4(153 693 694 154)
4(127 154 694 667)
4(180 720 721 181)
4(154 181 721 694)
4(207 747 748 208)
4(181 208 748 721)
4(234 774 775 235)
4(208 235 775 748)
4(261 801 802 262)
4(235 262 802 775)
4(288 828 829 289)
4(262 289 829 802)
4(315 855 856 316)
4(289 316 856 829)
4(342 882 883 343)
4(316 343 883 856)
4(369 909 910 370)
4(343 370 910 883)
4(396 936 937 397)
4(370 397 937 910)
4(423 963 964 424)
4(397 424 964 937)
4(450 990 991 451)
4(424 451 991 964)
4(477 1017 1018 478)
4(451 478 1018 991)
4(478 505 1045 1018)
4(19 559 560 20)
4(20 560 1073 533)
4(46 586 587 47)
4(20 47 587 560)
4(73 613 614 74)
4(47 74 614 587)
4(100 640 641 101)
4(74 101 641 614)
4(127 667 668 128)
4(101 128 668 641)
4(154 694 695 155)
4(128 155 695 668)
4(181 721 722 182)
4(155 182 722 695)
4(208 748 749 209)
4(182 209 749 722)
4(235 775 776 236)
4(209 236 776 749)
4(262 802 803 263)
4(236 263 803 776)
4(289 829 830 290)
4(263 290 830 803)
4(316 856 857 317)
4(290 317 857 830)
4(343 883 884 344)
4(317 344 884 857)
4(370 910 911 371)
4(344 371 911 884)
4(397 937 938 398)
4(371 398 938 911)
4(424 964 965 425)
4(398 425 965 938)
4(451 991 992 452)
4(425 452 992 965)
4(478 1018 1019 479)
4(452 479 1019 992)
4(479 506 1046 1019)
4(20 560 561 21)
4(21 561 1074 534)
4(47 587 588 48)
4(21 48 588 561)
4(74 614 615 75)
4(48 75 615 588)
4(101 641 642 102)
4(75 102 642 615)
4(128 668 669 129)
4(102 129 669 642)
4(155 695 696 156)
4(129 156 696 669)
4(182 722 723 183)
4(156 183 723 696)
4(209 749 750 210)
4(183 210 750 723)
4(236 776 777 237)
4(210 237 777 750)
4(263 803 804 264)
4(237 264 804 777)
4(290 830 831 291)
4(264 291 831 804)
4(317 857 858 318)
4(291 318 858 831)
4(344 884 885 345)
4(318 345 885 858)
4(371 911 912 372)
4(345 372 912 885)
4(398 938 939 399)
4(372 399 939 912)
4(425 965 966 426)
4(399 426 966 939)
4(452 992 993 453)
4(426 453 993 966)
4(479 1019 1020 480)
4(453 480 1020 993)
4(480 507 1047 1020)
4(21 561 562 22)
4(22 562 1075 535)
4(48 588 589 49)
4(22 49 589 562)
4(75 615 616 76)
4(49 76 616 589)
4(102 642 643 103)
4(76 103 643 616)
4(129 669 670 130)
4(103 130 670 643)
4(156 696 697 157)
4(130 157 697 670)
4(183 723 724 184)
4(157 184 724 697)
4(210 750 751 211)
4(184 211 751 724)
4(237 777 778 238)
4(211 238 778 751)
4(264 804 805 265)
4(238 265 805 778)
4(291 831 832 292)
4(265 292 832 805)
4(318 858 859 319)
4(292 319 859 832)
4(345 885 886 346)
4(319 346 886 859)
4(372 912 913 373)
4(346 373 913 886)
4(399 939 940 400)
4(373 400 940 913)
4(426 966 967 427)
4(400 427 967 940)
4(453 993 994 454)
4(427 454 994 967)
4(480 1020 1021 481)
4(454 481 1021 994)
4(481 508 1048 1021)
4(22 562 563 23)
4(23 563 1076 536)
4(49 589 590 50)
4(23 50 590 563)
4(76 616 617 77)
4(50 77 617 590)
4(103 643 644 104)
4(77 104 644 617)
4(130 670 671 131)
4(104 131 671 644)
4(157 697 698 158)
4(131 158 698 671)
4(184 724 725 185)
4(158 185 725 698)
4(211 751 752 212)
4(185 212 752 725)
4(238 778 779 239)
4(212 239 779 752)
4(265 805 806 266)
4(239 266 806 779)
4(292 832 833 293)
4(266 293 833 806)
4(319 859 860 320)
4(293 320 860 833)
4(346 886 887 347)
4(320 347 887 860)
4(373 913 914 374)
4(347 374 914 887)
4(400 940 941 401)
4(374 401 941 914)
4(427 967 968 428)
4(401 428 968 941)
4(454 994 995 455)
4(428 455 995 968)
4(481 1021 1022 482)
4(455 482 1022 995)
4(482 509 1049 1022)
4(23 563 564 24)
4(24 564 1077 537)
4(50 590 591 51)
4(24 51 591 564)
4(77 617 618 78)
4(51 78 618 591)
4(104 644 645 105)
4(78 105 645 618)
4(131 671 672 132)
4(105 132 672 645)
4(158 698 699 159)
4(132 159 699 672)
4(185 725 726 186)
4(159 186 726 699)
4(212 752 753 213)
4(186 213 753 726)
4(239 779 780 240)
4(213 240 780 753)
4(266 806 807 267)
4(240 267 807 780)
4(293 833 834 294)
4(267 294 834 807)
4(320 860 861 321)
4(294 321 861 834)
4(347 887 888 348)
4(321 348 888 861)
4(374 914 915 375)
4(348 375 915 888)
4(401 941 942 402)
4(375 402 942 915)
4(428 968 969 429)
4(402 429 969 942)
4(455 995 996 456)
4(429 456 996 969)
4(482 1022 1023 483)
4(456 483 1023 996)
4(483 510 1050 1023)
4(24 564 565 25)
4(25 565 1078 538)
4(51 591 592 52)
4(25 52 592 565)
4(78 618 619 79)
4(52 79 619 592)
4(105 645 646 106)
4(79 106 646 619)
4(132 672 673 133)
4(106 133 673 646)
4(159 699 700 160)
4(133 160 700 673)
4(186 726 727 187)
4(160 187 727 700)
4(213 753 754 214)
4(187 214 754 727)
4(240 780 781 241)
4(214 241 781 754)
4(267 807 808 268)
4(241 268 808 781)
4(294 834 835 295)
4(268 295 835 808)
4(321 861 862 322)
4(295 322 862 835)
4(348 888 889 349)
4(322 349 889 862)
4(375 915 916 376)
4(349 376 916 889)
4(402 942 943 403)
4(376 403 943 916)
4(429 969 970 430)
4(403 430 970 943)
4(456 996 997 457)
4(430 457 997 970)
4(483 1023 1024 484)
4(457 484 1024 997)
4(484 511 1051 1024)
4(25 565 566 26)
4(26 566 1079 539)
4(52 592 593 53)
4(26 53 593 566)
4(79 619 620 80)
4(53 80 620 593)
4(106 646 647 107)
4(80 107 647 620)
4(133 673 674 134)
4(107 134 674 647)
4(160 700 701 161)
4(134 161 701 674)
4(187 727 728 188)
4(161 188 728 701)
4(214 754 755 215)
4(188 215 755 728)
4(241 781 782 242)
4(215 242 782 755)
4(268 808 809 269)
4(242 269 809 782)
4(295 835 836 296)
4(269 296 836 809)
4(322 862 863 323)
4(296 323 863 836)
4(349 889 890 350)
4(323 350 890 863)
4(376 916 917 377)
4(350 377 917 890)
4(403 943 944 404)
4(377 404 944 917)
4(430 970 971 431)
4(404 431 971 944)
4(457 997 998 458)
4(431 458 998 971)
4(484 1024 1025 485)
4(458 485 1025 998)
4(485 512 1052 1025)
3(26 566 1106)
3(53 593 1107)
3(80 620 1108)
3(107 647 1109)
3(134 674 1110)
3(161 701 1111)
3(188 728 1112)
3(215 755 1113)
3(242 782 1114)
3(269 809 1115)
3(296 836 1116)
3(323 863 1117)
3(350 890 1118)
3(377 917 1119)
3(404 944 1080)
3(431 971 1081)
3(458 998 1082)
3(485 1025 1083)
3(513 1053 1104)
4(513 514 1054 1053)
4(514 515 1055 1054)
4(515 516 1056 1055)
4(516 517 1057 1056)
4(517 518 1058 1057)
4(518 519 1059 1058)
4(519 520 1060 1059)
4(520 521 1061 1060)
4(521 522 1062 1061)
4(522 523 1063 1062)
4(523 524 1064 1063)
4(524 525 1065 1064)
4(525 526 1066 1065)
4(526 527 1067 1066)
4(527 528 1068 1067)
4(528 529 1069 1068)
4(529 530 1070 1069)
4(530 531 1071 1070)
4(531 532 1072 1071)
4(532 533 1073 1072)
4(533 534 1074 1073)
4(534 535 1075 1074)
4(535 536 1076 1075)
4(536 537 1077 1076)
4(537 538 1078 1077)
4(538 539 1079 1078)
3(539 1102 1079)
3(1105 1026 486)
4(486 1026 1027 487)
4(487 1027 1028 488)
4(488 1028 1029 489)
4(489 1029 1030 490)
4(490 1030 1031 491)
4(491 1031 1032 492)
4(492 1032 1033 493)
4(493 1033 1034 494)
4(494 1034 1035 495)
4(495 1035 1036 496)
4(496 1036 1037 497)
4(497 1037 1038 498)
4(498 1038 1039 499)
4(499 1039 1040 500)
4(500 1040 1041 501)
4(501 1041 1042 502)
4(502 1042 1043 503)
4(503 1043 1044 504)
4(504 1044 1045 505)
4(505 1045 1046 506)
4(506 1046 1047 507)
4(507 1047 1048 508)
4(508 1048 1049 509)
4(509 1049 1050 510)
4(510 1050 1051 511)
4(511 1051 1052 512)
3(512 1052 1103)
4(0 513 1104 1084)
4(1084 1085 27 0)
4(1085 1086 54 27)
4(1086 1087 81 54)
4(1087 1088 108 81)
4(1088 1089 135 108)
4(1089 1090 162 135)
4(1090 1091 189 162)
4(1091 1092 216 189)
4(1092 1093 243 216)
4(1093 1094 270 243)
4(1094 1095 297 270)
4(1095 1096 324 297)
4(1096 1097 351 324)
4(1097 1098 378 351)
4(1098 1099 405 378)
4(1099 1100 432 405)
4(1100 1101 459 432)
4(1101 1105 486 459)
4(0 1 514 513)
4(0 27 28 1)
4(27 54 55 28)
4(54 81 82 55)
4(81 108 109 82)
4(108 135 136 109)
4(135 162 163 136)
4(162 189 190 163)
4(189 216 217 190)
4(216 243 244 217)
4(243 270 271 244)
4(270 297 298 271)
4(297 324 325 298)
4(324 351 352 325)
4(351 378 379 352)
4(378 405 406 379)
4(405 432 433 406)
4(432 459 460 433)
4(459 486 487 460)
4(1 2 515 514)
4(1 28 29 2)
4(28 55 56 29)
4(55 82 83 56)
4(82 109 110 83)
4(109 136 137 110)
4(136 163 164 137)
4(163 190 191 164)
4(190 217 218 191)
4(217 244 245 218)
4(244 271 272 245)
4(271 298 299 272)
4(298 325 326 299)
4(325 352 353 326)
4(352 379 380 353)
4(379 406 407 380)
4(406 433 434 407)
4(433 460 461 434)
4(460 487 488 461)
4(2 3 516 515)
4(2 29 30 3)
4(29 56 57 30)
4(56 83 84 57)
4(83 110 111 84)
4(110 137 138 111)
4(137 164 165 138)
4(164 191 192 165)
4(191 218 219 192)
4(218 245 246 219)
4(245 272 273 246)
4(272 299 300 273)
4(299 326 327 300)
4(326 353 354 327)
4(353 380 381 354)
4(380 407 408 381)
4(407 434 435 408)
4(434 461 462 435)
4(461 488 489 462)
4(3 4 517 516)
4(3 30 31 4)
4(30 57 58 31)
4(57 84 85 58)
4(84 111 112 85)
4(111 138 139 112)
4(138 165 166 139)
4(165 192 193 166)
4(192 219 220 193)
4(219 246 247 220)
4(246 273 274 247)
4(273 300 301 274)
4(300 327 328 301)
4(327 354 355 328)
4(354 381 382 355)
4(381 408 409 382)
4(408 435 436 409)
4(435 462 463 436)
4(462 489 490 463)
4(4 5 518 517)
4(4 31 32 5)
4(31 58 59 32)
4(58 85 86 59)
4(85 112 113 86)
4(112 139 140 113)
4(139 166 167 140)
4(166 193 194 167)
4(193 220 221 194)
4(220 247 248 221)
4(247 274 275 248)
4(274 301 302 275)
4(301 328 329 302)
4(328 355 356 329)
4(355 382 383 356)
4(382 409 410 383)
4(409 436 437 410)
4(436 463 464 437)
4(463 490 491 464)
4(5 6 519 518)
4(5 32 33 6)
4(32 59 60 33)
4(59 86 87 60)
4(86 113 114 87)
4(113 140 141 114)
4(140 167 168 141)
4(167 194 195 168)
4(194 221 222 195)
4(221 248 249 222)
4(248 275 276 249)
4(275 302 303 276)
4(302 329 330 303)
4(329 356 357 330)
4(356 383 384 357)
4(383 410 411 384)
4(410 437 438 411)
4(437 464 465 438)
4(464 491 492 465)
4(6 7 520 519)
4(6 33 34 7)
4(33 60 61 34)
4(60 87 88 61)
4(87 114 115 88)
4(114 141 142 115)
4(141 168 169 142)
4(168 195 196 169)
4(195 222 223 196)
4(222 249 250 223)
4(249 276 277 250)
4(276 303 304 277)
4(303 330 331 304)
4(330 357 358 331)
4(357 384 385 358)
4(384 411 412 385)
4(411 438 439 412)
4(438 465 466 439)
4(465 492 493 466)
4(7 8 521 520)
4(7 34 35 8)
4(34 61 62 35)
4(61 88 89 62)
4(88 115 116 89)
4(115 142 143 116)
4(142 169 170 143)
4(169 196 197 170)
4(196 223 224 197)
4(223 250 251 224)
4(250 277 278 251)
4(277 304 305 278)
4(304 331 332 305)
4(331 358 359 332)
4(358 385 386 359)
4(385 412 413 386)
4(412 439 440 413)
4(439 466 467 440)
4(466 493 494 467)
4(8 9 522 521)
4(8 35 36 9)
4(35 62 63 36)
4(62 89 90 63)
4(89 116 117 90)
4(116 143 144 117)
4(143 170 171 144)
4(170 197 198 171)
4(197 224 225 198)
4(224 251 252 225)
4(251 278 279 252)
4(278 305 306 279)
4(305 332 333 306)
4(332 359 360 333)
4(359 386 387 360)
4(386 413 414 387)
4(413 440 441 414)
4(440 467 468 441)
4(467 494 495 468)
4(9 10 523 522)
4(9 36 37 10)
4(36 63 64 37)
4(63 90 91 64)
4(90 117 118 91)
4(117 144 145 118)
4(144 171 172 145)
4(171 198 199 172)
4(198 225 226 199)
4(225 252 253 226)
4(252 279 280 253)
4(279 306 307 280)
4(306 333 334 307)
4(333 360 361 334)
4(360 387 388 361)
4(387 414 415 388)
4(414 441 442 415)
4(441 468 469 442)
4(468 495 496 469)
4(10 11 524 523)
4(10 37 38 11)
4(37 64 65 38)
4(64 91 92 65)
4(91 118 119 92)
4(118 145 146 119)
4(145 172 173 146)
4(172 199 200 173)
4(199 226 227 200)
4(226 253 254 227)
4(253 280 281 254)
4(280 307 308 281)
4(307 334 335 308)
4(334 361 362 335)
4(361 388 389 362)
4(388 415 416 389)
4(415 442 443 416)
4(442 469 470 443)
4(469 496 497 470)
4(11 12 525 524)
4(11 38 39 12)
4(38 65 66 39)
4(65 92 93 66)
4(92 119 120 93)
4(119 146 147 120)
4(146 173 174 147)
4(173 200 201 174)
4(200 227 228 201)
4(227 254 255 228)
4(254 281 282 255)
4(281 308 309 282)
4(308 335 336 309)
4(335 362 363 336)
4(362 389 390 363)
4(389 416 417 390)
4(416 443 444 417)
4(443 470 471 444)
4(470 497 498 471)
4(12 13 526 525)
4(12 39 40 13)
4(39 66 67 40)
4(66 93 94 67)
4(93 120 121 94)
4(120 147 148 121)
4(147 174 175 148)
4(174 201 202 175)
4(201 228 229 202)
4(228 255 256 229)
4(255 282 283 256)
4(282 309 310 283)
4(309 336 337 310)
4(336 363 364 337)
4(363 390 391 364)
4(390 417 418 391)
4(417 444 445 418)
4(444 471 472 445)
4(471 498 499 472)
4(13 14 527 526)
4(13 40 41 14)
4(40 67 68 41)
4(67 94 95 68)
4(94 121 122 95)
4(121 148 149 122)
4(148 175 176 149)
4(175 202 203 176)
4(202 229 230 203)
4(229 256 257 230)
4(256 283 284 257)
4(283 310 311 284)
4(310 337 338 311)
4(337 364 365 338)
4(364 391 392 365)
4(391 418 419 392)
4(418 445 446 419)
4(445 472 473 446)
4(472 499 500 473)
4(14 15 528 527)
4(14 41 42 15)
4(41 68 69 42)
4(68 95 96 69)
4(95 122 123 96)
4(122 149 150 123)
4(149 176 177 150)
4(176 203 204 177)
4(203 230 231 204)
4(230 257 258 231)
4(257 284 285 258)
4(284 311 312 285)
4(311 338 339 312)
4(338 365 366 339)
4(365 392 393 366)
4(392 419 420 393)
4(419 446 447 420)
4(446 473 474 447)
4(473 500 501 474)
4(15 16 529 528)
4(15 42 43 16)
4(42 69 70 43)
4(69 96 97 70)
4(96 123 124 97)
4(123 150 151 124)
4(150 177 178 151)
4(177 204 205 178)
4(204 231 232 205)
4(231 258 259 232)
4(258 285 286 259)
4(285 312 313 286)
4(312 339 340 313)
4(339 366 367 340)
4(366 393 394 367)
4(393 420 421 394)
4(420 447 448 421)
4(447 474 475 448)
4(474 501 502 475)
4(16 17 530 529)
4(16 43 44 17)
4(43 70 71 44)
4(70 97 98 71)
4(97 124 125 98)
4(124 151 152 125)
4(151 178 179 152)
4(178 205 206 179)
4(205 232 233 206)
4(232 259 260 233)
4(259 286 287 260)
4(286 313 314 287)
4(313 340 341 314)
4(340 367 368 341)
4(367 394 395 368)
4(394 421 422 395)
4(421 448 449 422)
4(448 475 476 449)
4(475 502 503 476)
4(17 18 531 530)
4(17 44 45 18)
4(44 71 72 45)
4(71 98 99 72)
4(98 125 126 99)
4(125 152 153 126)
4(152 179 180 153)
4(179 206 207 180)
4(206 233 234 207)
4(233 260 261 234)
4(260 287 288 261)
4(287 314 315 288)
4(314 341 342 315)
4(341 368 369 342)
4(368 395 396 369)
4(395 422 423 396)
4(422 449 450 423)
4(449 476 477 450)
4(476 503 504 477)
4(18 19 532 531)
4(18 45 46 19)
4(45 72 73 46)
4(72 99 100 73)
4(99 126 127 100)
4(126 153 154 127)
4(153 180 181 154)
4(180 207 208 181)
4(207 234 235 208)
4(234 261 262 235)
4(261 288 289 262)
4(288 315 316 289)
4(315 342 343 316)
4(342 369 370 343)
4(369 396 397 370)
4(396 423 424 397)
4(423 450 451 424)
4(450 477 478 451)
4(477 504 505 478)
4(19 20 533 532)
4(19 46 47 20)
4(46 73 74 47)
4(73 100 101 74)
4(100 127 128 101)
4(127 154 155 128)
4(154 181 182 155)
4(181 208 209 182)
4(208 235 236 209)
4(235 262 263 236)
4(262 289 290 263)
4(289 316 317 290)
4(316 343 344 317)
4(343 370 371 344)
4(370 397 398 371)
4(397 424 425 398)
4(424 451 452 425)
4(451 478 479 452)
4(478 505 506 479)
4(20 21 534 533)
4(20 47 48 21)
4(47 74 75 48)
4(74 101 102 75)
4(101 128 129 102)
4(128 155 156 129)
4(155 182 183 156)
4(182 209 210 183)
4(209 236 237 210)
4(236 263 264 237)
4(263 290 291 264)
4(290 317 318 291)
4(317 344 345 318)
4(344 371 372 345)
4(371 398 399 372)
4(398 425 426 399)
4(425 452 453 426)
4(452 479 480 453)
4(479 506 507 480)
4(21 22 535 534)
4(21 48 49 22)
4(48 75 76 49)
4(75 102 103 76)
4(102 129 130 103)
4(129 156 157 130)
4(156 183 184 157)
4(183 210 211 184)
4(210 237 238 211)
4(237 264 265 238)
4(264 291 292 265)
4(291 318 319 292)
4(318 345 346 319)
4(345 372 373 346)
4(372 399 400 373)
4(399 426 427 400)
4(426 453 454 427)
4(453 480 481 454)
4(480 507 508 481)
4(22 23 536 535)
4(22 49 50 23)
4(49 76 77 50)
4(76 103 104 77)
4(103 130 131 104)
4(130 157 158 131)
4(157 184 185 158)
4(184 211 212 185)
4(211 238 239 212)
4(238 265 266 239)
4(265 292 293 266)
4(292 319 320 293)
4(319 346 347 320)
4(346 373 374 347)
4(373 400 401 374)
4(400 427 428 401)
4(427 454 455 428)
4(454 481 482 455)
4(481 508 509 482)
4(23 24 537 536)
4(23 50 51 24)
4(50 77 78 51)
4(77 104 105 78)
4(104 131 132 105)
4(131 158 159 132)
4(158 185 186 159)
4(185 212 213 186)
4(212 239 240 213)
4(239 266 267 240)
4(266 293 294 267)
4(293 320 321 294)
4(320 347 348 321)
4(347 374 375 348)
4(374 401 402 375)
4(401 428 429 402)
4(428 455 456 429)
4(455 482 483 456)
4(482 509 510 483)
4(24 25 538 537)
4(24 51 52 25)
4(51 78 79 52)
4(78 105 106 79)
4(105 132 133 106)
4(132 159 160 133)
4(159 186 187 160)
4(186 213 214 187)
4(213 240 241 214)
4(240 267 268 241)
4(267 294 295 268)
4(294 321 322 295)
4(321 348 349 322)
4(348 375 376 349)
4(375 402 403 376)
4(402 429 430 403)
4(429 456 457 430)
4(456 483 484 457)
4(483 510 511 484)
4(25 26 539 538)
4(25 52 53 26)
4(52 79 80 53)
4(79 106 107 80)
4(106 133 134 107)
4(133 160 161 134)
4(160 187 188 161)
4(187 214 215 188)
4(214 241 242 215)
4(241 268 269 242)
4(268 295 296 269)
4(295 322 323 296)
4(322 349 350 323)
4(349 376 377 350)
4(376 403 404 377)
4(403 430 431 404)
4(430 457 458 431)
4(457 484 485 458)
4(484 511 512 485)
4(26 1106 1102 539)
4(53 1107 1106 26)
4(80 1108 1107 53)
4(107 1109 1108 80)
4(134 1110 1109 107)
4(161 1111 1110 134)
4(188 1112 1111 161)
4(215 1113 1112 188)
4(242 1114 1113 215)
4(269 1115 1114 242)
4(296 1116 1115 269)
4(323 1117 1116 296)
4(350 1118 1117 323)
4(377 1119 1118 350)
4(404 1080 1119 377)
4(431 1081 1080 404)
4(458 1082 1081 431)
4(485 1083 1082 458)
4(512 1103 1083 485)
4(540 1084 1104 1053)
4(1084 540 567 1085)
4(1085 567 594 1086)
4(1086 594 621 1087)
4(1087 621 648 1088)
4(1088 648 675 1089)
4(1089 675 702 1090)
4(1090 702 729 1091)
4(1091 729 756 1092)
4(1092 756 783 1093)
4(1093 783 810 1094)
4(1094 810 837 1095)
4(1095 837 864 1096)
4(1096 864 891 1097)
4(1097 891 918 1098)
4(1098 918 945 1099)
4(1099 945 972 1100)
4(1100 972 999 1101)
4(1101 999 1026 1105)
4(540 1053 1054 541)
4(540 541 568 567)
4(567 568 595 594)
4(594 595 622 621)
4(621 622 649 648)
4(648 649 676 675)
4(675 676 703 702)
4(702 703 730 729)
4(729 730 757 756)
4(756 757 784 783)
4(783 784 811 810)
4(810 811 838 837)
4(837 838 865 864)
4(864 865 892 891)
4(891 892 919 918)
4(918 919 946 945)
4(945 946 973 972)
4(972 973 1000 999)
4(999 1000 1027 1026)
4(541 1054 1055 542)
4(541 542 569 568)
4(568 569 596 595)
4(595 596 623 622)
4(622 623 650 649)
4(649 650 677 676)
4(676 677 704 703)
4(703 704 731 730)
4(730 731 758 757)
4(757 758 785 784)
4(784 785 812 811)
4(811 812 839 838)
4(838 839 866 865)
4(865 866 893 892)
4(892 893 920 919)
4(919 920 947 946)
4(946 947 974 973)
4(973 974 1001 1000)
4(1000 1001 1028 1027)
4(542 1055 1056 543)
4(542 543 570 569)
4(569 570 597 596)
4(596 597 624 623)
4(623 624 651 650)
4(650 651 678 677)
4(677 678 705 704)
4(704 705 732 731)
4(731 732 759 758)
4(758 759 786 785)
4(785 786 813 812)
4(812 813 840 839)
4(839 840 867 866)
4(866 867 894 893)
4(893 894 921 920)
4(920 921 948 947)
4(947 948 975 974)
4(974 975 1002 1001)
4(1001 1002 1029 1028)
4(543 1056 1057 544)
4(543 544 571 570)
4(570 571 598 597)
4(597 598 625 624)
4(624 625 652 651)
4(651 652 679 678)
4(678 679 706 705)
4(705 706 733 732)
4(732 733 760 759)
4(759 760 787 786)
4(786 787 814 813)
4(813 814 841 840)
4(840 841 868 867)
4(867 868 895 894)
4(894 895 922 921)
4(921 922 949 948)
4(948 949 976 975)
4(975 976 1003 1002)
4(1002 1003 1030 1029)
4(544 1057 1058 545)
4(544 545 572 571)
4(571 572 599 598)
4(598 599 626 625)
4(625 626 653 652)
4(652 653 680 679)
4(679 680 707 706)
4(706 707 734 733)
4(733 734 761 760)
4(760 761 788 787)
4(787 788 815 814)
4(814 815 842 841)
4(841 842 869 868)
4(868 869 896 895)
4(895 896 923 922)
4(922 923 950 949)
4(949 950 977 976)
4(976 977 1004 1003)
4(1003 1004 1031 1030)
4(545 1058 1059 546)
4(545 546 573 572)
4(572 573 600 599)
4(599 600 627 626)
4(626 627 654 653)
4(653 654 681 680)
4(680 681 708 707)
4(707 708 735 734)
4(734 735 762 761)
4(761 762 789 788)
4(788 789 816 815)
4(815 816 843 842)
4(842 843 870 869)
4(869 870 897 896)
4(896 897 924 923)
4(923 924 951 950)
4(950 951 978 977)
4(977 978 1005 1004)
4(1004 1005 1032 1031)
4(546 1059 1060 547)
4(546 547 574 573)
4(573 574 601 600)
4(600 601 628 627)
4(627 628 655 654)
4(654 655 682 681)
4(681 682 709 708)
4(708 709 736 735)
4(735 736 763 762)
4(762 763 790 789)
4(789 790 817 816)
4(816 817 844 843)
4(843 844 871 870)
4(870 871 898 897)
4(897 898 925 924)
4(924 925 952 951)
4(951 952 979 978)
4(978 979 1006 1005)
4(1005 1006 1033 1032)
4(547 1060 1061 548)
4(547 548 575 574)
4(574 575 602 601)
4(601 602 629 628)
4(628 629 656 655)
4(655 656 683 682)
4(682 683 710 709)
4(709 710 737 736)
4(736 737 764 763)
4(763 764 791 790)
4(790 791 818 817)
4(817 818 845 844)
4(844 845 872 871)
4(871 872 899 898)
4(898 899 926 925)
4(925 926 953 952)
4(952 953 980 979)
4(979 980 1007 1006)
4(1006 1007 1034 1033)
4(548 1061 1062 549)
4(548 549 576 575)
4(575 576 603 602)
4(602 603 630 629)
4(629 630 657 656)
4(656 657 684 683)
4(683 684 711 710)
4(710 711 738 737)
4(737 738 765 764)
4(764 765 792 791)
4(791 792 819 818)
4(818 819 846 845)
4(845 846 873 872)
4(872 873 900 899)
4(899 900 927 926)
4(926 927 954 953)
4(953 954 981 980)
4(980 981 1008 1007)
4(1007 1008 1035 1034)
4(549 1062 1063 550)
4(549 550 577 576)
4(576 577 604 603)
4(603 604 631 630)
4(630 631 658 657)
4(657 658 685 684)
4(684 685 712 711)
4(711 712 739 738)
4(738 739 766 765)
4(765 766 793 792)
4(792 793 820 819)
4(819 820 847 846)
4(846 847 874 873)
4(873 874 901 900)
4(900 901 928 927)
4(927 928 955 954)
4(954 955 982 981)
4(981 982 1009 1008)
4(1008 1009 1036 1035)
4(550 1063 1064 551)
4(550 551 578 577)
4(577 578 605 604)
4(604 605 632 631)
4(631 632 659 658)
4(658 659 686 685)
4(685 686 713 712)
4(712 713 740 739)
4(739 740 767 766)
4(766 767 794 793)
4(793 794 821 820)
4(820 821 848 847)
4(847 848 875 874)
4(874 875 902 901)
4(901 902 929 928)
4(928 929 956 955)
4(955 956 983 982)
4(982 983 1010 1009)
4(1009 1010 1037 1036)
4(551 1064 1065 552)
4(551 552 579 578)
4(578 579 606 605)
4(605 606 633 632)
4(632 633 660 659)
4(659 660 687 686)
4(686 687 714 713)
4(713 714 741 740)
4(740 741 768 767)
4(767 768 795 794)
4(794 795 822 821)
4(821 822 849 848)
4(848 849 876 875)
4(875 876 903 902)
4(902 903 930 929)
4(929 930 957 956)
4(956 957 984 983)
4(983 984 1011 1010)
4(1010 1011 1038 1037)
4(552 1065 1066 553)
4(552 553 580 579)
4(579 580 607 606)
4(606 607 634 633)
4(633 634 661 660)
4(660 661 688 687)
4(687 688 715 714)
4(714 715 742 741)
4(741 742 769 768)
4(768 769 796 795)
4(795 796 823 822)
4(822 823 850 849)
4(849 850 877 876)
4(876 877 904 903)
4(903 904 931 930)
4(930 931 958 957)
4(957 958 985 984)
4(984 985 1012 1011)
4(1011 1012 1039 1038)
4(553 1066 1067 554)
4(553 554 581 580)
4(580 581 608 607)
4(607 608 635 634)
4(634 635 662 661)
4(661 662 689 688)
4(688 689 716 715)
4(715 716 743 742)
4(742 743 770 769)
4(769 770 797 796)
4(796 797 824 823)
4(823 824 851 850)
4(850 851 878 877)
4(877 878 905 904)
4(904 905 932 931)
4(931 932 959 958)
4(958 959 986 985)
4(985 986 1013 1012)
4(1012 1013 1040 1039)
4(554 1067 1068 555)
4(554 555 582 581)
4(581 582 609 608)
4(608 609 636 635)
4(635 636 663 662)
4(662 663 690 689)
4(689 690 717 716)
4(716 717 744 743)
4(743 744 771 770)
4(770 771 798 797)
4(797 798 825 824)
4(824 825 852 851)
4(851 852 879 878)
4(878 879 906 905)
4(905 906 933 932)
4(932 933 960 959)
4(959 960 987 986)
4(986 987 1014 1013)
4(1013 1014 1041 1040)
4(555 1068 1069 556)
4(555 556 583 582)
4(582 583 610 609)
4(609 610 637 636)
4(636 637 664 663)
4(663 664 691 690)
4(690 691 718 717)
4(717 718 745 744)
4(744 745 772 771)
4(771 772 799 798)
4(798 799 826 825)
4(825 826 853 852)
4(852 853 880 879)
4(879 880 907 906)
4(906 907 934 933)
4(933 934 961 960)
4(960 961 988 987)
4(987 988 1015 1014)
4(1014 1015 1042 1041)
4(556 1069 1070 557)
4(556 557 584 583)
4(583 584 611 610)
4(610 611 638 637)
4(637 638 665 664)
4(664 665 692 691)
4(691 692 719 718)
4(718 719 746 745)
4(745 746 773 772)
4(772 773 800 799)
4(799 800 827 826)
4(826 827 854 853)
4(853 854 881 880)
4(880 881 908 907)
4(907 908 935 934)
4(934 935 962 961)
4(961 962 989 988)
4(988 989 1016 1015)
4(1015 1016 1043 1042)
4(557 1070 1071 558)
4(557 558 585 584)
4(584 585 612 611)
4(611 612 639 638)
4(638 639 666 665)
4(665 666 693 692)
4(692 693 720 719)
4(719 720 747 746)
4(746 747 774 773)
4(773 774 801 800)
4(800 801 828 827)
4(827 828 855 854)
4(854 855 882 881)
4(881 882 909 908)
4(908 909 936 935)
4(935 936 963 962)
4(962 963 990 989)
4(989 990 1017 1016)
4(1016 1017 1044 1043)
4(558 1071 1072 559)
4(558 559 586 585)
4(585 586 613 612)
4(612 613 640 639)
4(639 640 667 666)
4(666 667 694 693)
4(693 694 721 720)
4(720 721 748 747)
4(747 748 775 774)
4(774 775 802 801)
4(801 802 829 828)
4(828 829 856 855)
4(855 856 883 882)
4(882 883 910 909)
4(909 910 937 936)
4(936 937 964 963)
4(963 964 991 990)
4(990 991 1018 1017)
4(1017 1018 1045 1044)
4(559 1072 1073 560)
4(559 560 587 586)
4(586 587 614 613)
4(613 614 641 640)
4(640 641 668 667)
4(667 668 695 694)
4(694 695 722 721)
4(721 722 749 748)
4(748 749 776 775)
4(775 776 803 802)
4(802 803 830 829)
4(829 830 857 856)
4(856 857 884 883)
4(883 884 911 910)
4(910 911 938 937)
4(937 938 965 964)
4(964 965 992 991)
4(991 992 1019 1018)
4(1018 1019 1046 1045)
4(560 1073 1074 561)
4(560 561 588 587)
4(587 588 615 614)
4(614 615 642 641)
4(641 642 669 668)
4(668 669 696 695)
4(695 696 723 722)
4(722 723 750 749)
4(749 750 777 776)
4(776 777 804 803)
4(803 804 831 830)
4(830 831 858 857)
4(857 858 885 884)
4(884 885 912 911)
4(911 912 939 938)
4(938 939 966 965)
4(965 966 993 992)
4(992 993 1020 1019)
4(1019 1020 1047 1046)
4(561 1074 1075 562)
4(561 562 589 588)
4(588 589 616 615)
4(615 616 643 642)
4(642 643 670 669)
4(669 670 697 696)
4(696 697 724 723)
4(723 724 751 750)
4(750 751 778 777)
4(777 778 805 804)
4(804 805 832 831)
4(831 832 859 858)
4(858 859 886 885)
4(885 886 913 912)
4(912 913 940 939)
4(939 940 967 966)
4(966 967 994 993)
4(993 994 1021 1020)
4(1020 1021 1048 1047)
4(562 1075 1076 563)
4(562 563 590 589)
4(589 590 617 616)
4(616 617 644 643)
4(643 644 671 670)
4(670 671 698 697)
4(697 698 725 724)
4(724 725 752 751)
4(751 752 779 778)
4(778 779 806 805)
4(805 806 833 832)
4(832 833 860 859)
4(859 860 887 886)
4(886 887 914 913)
4(913 914 941 940)
4(940 941 968 967)
4(967 968 995 994)
4(994 995 1022 1021)
4(1021 1022 1049 1048)
4(563 1076 1077 564)
4(563 564 591 590)
4(590 591 618 617)
4(617 618 645 644)
4(644 645 672 671)
4(671 672 699 698)
4(698 699 726 725)
4(725 726 753 752)
4(752 753 780 779)
4(779 780 807 806)
4(806 807 834 833)
4(833 834 861 860)
4(860 861 888 887)
4(887 888 915 914)
4(914 915 942 941)
4(941 942 969 968)
4(968 969 996 995)
4(995 996 1023 1022)
4(1022 1023 1050 1049)
4(564 1077 1078 565)
4(564 565 592 591)
4(591 592 619 618)
4(618 619 646 645)
4(645 646 673 672)
4(672 673 700 699)
4(699 700 727 726)
4(726 727 754 753)
4(753 754 781 780)
4(780 781 808 807)
4(807 808 835 834)
4(834 835 862 861)
4(861 862 889 888)
4(888 889 916 915)
4(915 916 943 942)
4(942 943 970 969)
4(969 970 997 996)
4(996 997 1024 1023)
4(1023 1024 1051 1050)
4(565 1078 1079 566)
4(565 566 593 592)
4(592 593 620 619)
4(619 620 647 646)
4(646 647 674 673)
4(673 674 701 700)
4(700 701 728 727)
4(727 728 755 754)
4(754 755 782 781)
4(781 782 809 808)
4(808 809 836 835)
4(835 836 863 862)
4(862 863 890 889)
4(889 890 917 916)
4(916 917 944 943)
4(943 944 971 970)
4(970 971 998 997)
4(997 998 1025 1024)
4(1024 1025 1052 1051)
4(566 1079 1102 1106)
4(593 566 1106 1107)
4(620 593 1107 1108)
4(647 620 1108 1109)
4(674 647 1109 1110)
4(701 674 1110 1111)
4(728 701 1111 1112)
4(755 728 1112 1113)
4(782 755 1113 1114)
4(809 782 1114 1115)
4(836 809 1115 1116)
4(863 836 1116 1117)
4(890 863 1117 1118)
4(917 890 1118 1119)
4(944 917 1119 1080)
4(971 944 1080 1081)
4(998 971 1081 1082)
4(1025 998 1082 1083)
4(1052 1025 1083 1103)
)


// ************************************************************************* //
