/*--------------------------------*- C++ -*----------------------------------*\
| =========                 |                                                 |
| \\      /  F ield         | OpenFOAM: The Open Source CFD Toolbox           |
|  \\    /   O peration     | Version:  v2012                                 |
|   \\  /    A nd           | Website:  www.openfoam.com                      |
|    \\/     M anipulation  |                                                 |
\*---------------------------------------------------------------------------*/
FoamFile
{
    version     2.0;
    format      ascii;
    class       vectorField;
    location    "constant/polyMesh";
    object      points;
}
// * * * * * * * * * * * * * * * * * * * * * * * * * * * * * * * * * * * * * //


1120
(
(0.538464 0.0606125 0.0026464)
(0.528285 0.120463 0.00525952)
(0.511463 0.178798 0.0078065)
(0.488209 0.234885 0.0102553)
(0.458815 0.288018 0.0125752)
(0.423652 0.337529 0.0147369)
(0.383161 0.382796 0.0167132)
(0.337851 0.423248 0.0184794)
(0.288293 0.458378 0.0200132)
(0.235109 0.487744 0.0212954)
(0.178969 0.510976 0.0223097)
(0.120578 0.527782 0.0230435)
(0.0606703 0.537951 0.0234875)
(0 0.541355 0.0236361)
(-0.0606703 0.537951 0.0234875)
(-0.120578 0.527782 0.0230435)
(-0.178969 0.510976 0.0223097)
(-0.235109 0.487744 0.0212954)
(-0.288293 0.458378 0.0200132)
(-0.337851 0.423248 0.0184794)
(-0.383161 0.382796 0.0167132)
(-0.423652 0.337529 0.0147369)
(-0.458815 0.288018 0.0125752)
(-0.488209 0.234885 0.0102553)
(-0.511463 0.178798 0.0078065)
(-0.528285 0.120463 0.00525952)
(-0.538464 0.0606125 0.0026464)
(0.583963 0.0657342 0.00287002)
(0.572924 0.130642 0.00570394)
(0.554681 0.193906 0.00846614)
(0.529462 0.254733 0.0111219)
(0.497584 0.312355 0.0136377)
(0.45945 0.36605 0.0159821)
(0.415537 0.415141 0.0181255)
(0.366399 0.459012 0.0200409)
(0.312653 0.497111 0.0217043)
(0.254975 0.528958 0.0230948)
(0.194091 0.554153 0.0241948)
(0.130766 0.572379 0.0249906)
(0.0657968 0.583407 0.0254721)
(0 0.587099 0.0256333)
(-0.0657968 0.583407 0.0254721)
(-0.130766 0.572379 0.0249906)
(-0.194091 0.554153 0.0241948)
(-0.254975 0.528958 0.0230948)
(-0.312653 0.497111 0.0217043)
(-0.366399 0.459012 0.0200409)
(-0.415537 0.415141 0.0181255)
(-0.45945 0.36605 0.0159821)
(-0.497584 0.312355 0.0136377)
(-0.529462 0.254733 0.0111219)
(-0.554681 0.193906 0.00846614)
(-0.572924 0.130642 0.00570394)
(-0.583963 0.0657342 0.00287002)
(0.633718 0.0713349 0.00311455)
(0.621739 0.141773 0.00618993)
(0.601941 0.210428 0.00918747)
(0.574573 0.276436 0.0120695)
(0.53998 0.338969 0.0147997)
(0.498596 0.397238 0.0173438)
(0.450942 0.450512 0.0196698)
(0.397617 0.498121 0.0217484)
(0.339292 0.539466 0.0235536)
(0.2767 0.574026 0.0250625)
(0.210628 0.601368 0.0262563)
(0.141908 0.621147 0.0271199)
(0.0714029 0.633115 0.0276424)
(0 0.637121 0.0278173)
(-0.0714029 0.633115 0.0276424)
(-0.141908 0.621147 0.0271199)
(-0.210628 0.601368 0.0262563)
(-0.2767 0.574026 0.0250625)
(-0.339292 0.539466 0.0235536)
(-0.397617 0.498121 0.0217484)
(-0.450942 0.450512 0.0196698)
(-0.498596 0.397238 0.0173438)
(-0.53998 0.338969 0.0147997)
(-0.574573 0.276436 0.0120695)
(-0.601941 0.210428 0.00918747)
(-0.621739 0.141773 0.00618993)
(-0.633718 0.0713349 0.00311455)
(0.688126 0.0774594 0.00338195)
(0.675119 0.153945 0.00672137)
(0.653621 0.228494 0.00997627)
(0.623903 0.30017 0.0131057)
(0.58634 0.368071 0.0160703)
(0.541403 0.431344 0.0188329)
(0.489658 0.489192 0.0213586)
(0.431755 0.540888 0.0236157)
(0.368422 0.585782 0.0255758)
(0.300456 0.62331 0.0272143)
(0.228712 0.652999 0.0285105)
(0.154091 0.674476 0.0294483)
(0.0775332 0.687471 0.0300157)
(0 0.691822 0.0302056)
(-0.0775332 0.687471 0.0300157)
(-0.154091 0.674476 0.0294483)
(-0.228712 0.652999 0.0285105)
(-0.300456 0.62331 0.0272143)
(-0.368422 0.585782 0.0255758)
(-0.431755 0.540888 0.0236157)
(-0.489658 0.489192 0.0213586)
(-0.541403 0.431344 0.0188329)
(-0.58634 0.368071 0.0160703)
(-0.623903 0.30017 0.0131057)
(-0.653621 0.228494 0.00997627)
(-0.675119 0.153945 0.00672137)
(-0.688126 0.0774594 0.00338195)
(0.747624 0.0841568 0.00367437)
(0.733492 0.167255 0.00730252)
(0.710135 0.24825 0.0108389)
(0.677848 0.326124 0.0142389)
(0.637037 0.399896 0.0174598)
(0.588215 0.468639 0.0204612)
(0.531995 0.531489 0.0232053)
(0.469085 0.587655 0.0256576)
(0.400277 0.636431 0.0277872)
(0.326434 0.677203 0.0295673)
(0.248487 0.709459 0.0309757)
(0.167415 0.732793 0.0319945)
(0.084237 0.746912 0.0326109)
(0 0.751639 0.0328172)
(-0.084237 0.746912 0.0326109)
(-0.167415 0.732793 0.0319945)
(-0.248487 0.709459 0.0309757)
(-0.326434 0.677203 0.0295673)
(-0.400277 0.636431 0.0277872)
(-0.469085 0.587655 0.0256576)
(-0.531995 0.531489 0.0232053)
(-0.588215 0.468639 0.0204612)
(-0.637037 0.399896 0.0174598)
(-0.677848 0.326124 0.0142389)
(-0.710135 0.24825 0.0108389)
(-0.733492 0.167255 0.00730252)
(-0.747624 0.0841568 0.00367437)
(0.812687 0.0914806 0.00399413)
(0.797324 0.181811 0.00793803)
(0.771935 0.269855 0.0117821)
(0.736838 0.354505 0.015478)
(0.692475 0.434697 0.0189793)
(0.639404 0.509423 0.0222419)
(0.578292 0.577742 0.0252248)
(0.509908 0.638796 0.0278904)
(0.435111 0.691816 0.0302054)
(0.354843 0.736137 0.0321404)
(0.270112 0.7712 0.0336713)
(0.181984 0.796565 0.0347788)
(0.0915678 0.811913 0.0354489)
(0 0.81705 0.0356732)
(-0.0915678 0.811913 0.0354489)
(-0.181984 0.796565 0.0347788)
(-0.270112 0.7712 0.0336713)
(-0.354843 0.736137 0.0321404)
(-0.435111 0.691816 0.0302054)
(-0.509908 0.638796 0.0278904)
(-0.578292 0.577742 0.0252248)
(-0.639404 0.509423 0.0222419)
(-0.692475 0.434697 0.0189793)
(-0.736838 0.354505 0.015478)
(-0.771935 0.269855 0.0117821)
(-0.797324 0.181811 0.00793803)
(-0.812687 0.0914806 0.00399413)
(0.883834 0.0994894 0.0043438)
(0.867127 0.197728 0.00863298)
(0.839515 0.29348 0.0128136)
(0.801346 0.385541 0.0168331)
(0.753099 0.472753 0.0206409)
(0.695382 0.554021 0.0241891)
(0.62892 0.628321 0.0274331)
(0.554549 0.69472 0.0303321)
(0.473204 0.752383 0.0328497)
(0.385908 0.800583 0.0349542)
(0.293759 0.838716 0.0366191)
(0.197916 0.866302 0.0378236)
(0.0995842 0.882993 0.0385523)
(0 0.88858 0.0387963)
(-0.0995842 0.882993 0.0385523)
(-0.197916 0.866302 0.0378236)
(-0.293759 0.838716 0.0366191)
(-0.385908 0.800583 0.0349542)
(-0.473204 0.752383 0.0328497)
(-0.554549 0.69472 0.0303321)
(-0.62892 0.628321 0.0274331)
(-0.695382 0.554021 0.0241891)
(-0.753099 0.472753 0.0206409)
(-0.801346 0.385541 0.0168331)
(-0.839515 0.29348 0.0128136)
(-0.867127 0.197728 0.00863298)
(-0.883834 0.0994894 0.0043438)
(0.961637 0.108247 0.00472618)
(0.943459 0.215133 0.00939293)
(0.913417 0.319314 0.0139416)
(0.871887 0.419479 0.0183149)
(0.819394 0.514369 0.0224578)
(0.756595 0.60279 0.0263184)
(0.684283 0.683631 0.029848)
(0.603365 0.755875 0.0330022)
(0.514859 0.818614 0.0357414)
(0.419879 0.871057 0.0380312)
(0.319618 0.912547 0.0398427)
(0.215338 0.942561 0.0411531)
(0.10835 0.960722 0.041946)
(0 0.966801 0.0422114)
(-0.10835 0.960722 0.041946)
(-0.215338 0.942561 0.0411531)
(-0.319618 0.912547 0.0398427)
(-0.419879 0.871057 0.0380312)
(-0.514859 0.818614 0.0357414)
(-0.603365 0.755875 0.0330022)
(-0.684283 0.683631 0.029848)
(-0.756595 0.60279 0.0263184)
(-0.819394 0.514369 0.0224578)
(-0.871887 0.419479 0.0183149)
(-0.913417 0.319314 0.0139416)
(-0.943459 0.215133 0.00939293)
(-0.961637 0.108247 0.00472618)
(1.04672 0.117824 0.00514432)
(1.02693 0.234167 0.010224)
(0.99423 0.347565 0.015175)
(0.949027 0.456592 0.0199352)
(0.891888 0.559877 0.0244448)
(0.823534 0.656122 0.0286469)
(0.744824 0.744115 0.0324888)
(0.656747 0.822751 0.0359221)
(0.560411 0.89104 0.0389036)
(0.457027 0.948123 0.041396)
(0.347896 0.993284 0.0433677)
(0.23439 1.02595 0.0447941)
(0.117937 1.04572 0.0456571)
(0 1.05234 0.045946)
(-0.117937 1.04572 0.0456571)
(-0.23439 1.02595 0.0447941)
(-0.347896 0.993284 0.0433677)
(-0.457027 0.948123 0.041396)
(-0.560411 0.89104 0.0389036)
(-0.656747 0.822751 0.0359221)
(-0.744824 0.744115 0.0324888)
(-0.823534 0.656122 0.0286469)
(-0.891888 0.559877 0.0244448)
(-0.949027 0.456592 0.0199352)
(-0.99423 0.347565 0.015175)
(-1.02693 0.234167 0.010224)
(-1.04672 0.117824 0.00514432)
(1.13975 0.128297 0.00560158)
(1.11821 0.254981 0.0111327)
(1.0826 0.378458 0.0165238)
(1.03338 0.497176 0.0217072)
(0.971164 0.609642 0.0266175)
(0.896734 0.714441 0.0311932)
(0.811027 0.810256 0.0353765)
(0.715122 0.895881 0.039115)
(0.610223 0.97024 0.0423616)
(0.49765 1.0324 0.0450754)
(0.378819 1.08157 0.0472224)
(0.255224 1.11714 0.0487756)
(0.128419 1.13867 0.0497154)
(0 1.14587 0.05003)
(-0.128419 1.13867 0.0497154)
(-0.255224 1.11714 0.0487756)
(-0.378819 1.08157 0.0472224)
(-0.49765 1.0324 0.0450754)
(-0.610223 0.97024 0.0423616)
(-0.715122 0.895881 0.039115)
(-0.811027 0.810256 0.0353765)
(-0.896734 0.714441 0.0311932)
(-0.971164 0.609642 0.0266175)
(-1.03338 0.497176 0.0217072)
(-1.0826 0.378458 0.0165238)
(-1.11821 0.254981 0.0111327)
(-1.13975 0.128297 0.00560158)
(1.24149 0.13975 0.0061016)
(1.21803 0.277742 0.0121265)
(1.17924 0.412241 0.0179988)
(1.12562 0.541556 0.0236449)
(1.05785 0.664061 0.0289935)
(0.976781 0.778215 0.0339776)
(0.883423 0.882582 0.0385344)
(0.778956 0.975851 0.0426066)
(0.664694 1.05685 0.046143)
(0.542072 1.12455 0.0490991)
(0.412634 1.17812 0.0514377)
(0.278006 1.21687 0.0531295)
(0.139883 1.24031 0.0541532)
(0 1.24816 0.0544958)
(-0.139883 1.24031 0.0541532)
(-0.278006 1.21687 0.0531295)
(-0.412634 1.17812 0.0514377)
(-0.542072 1.12455 0.0490991)
(-0.664694 1.05685 0.046143)
(-0.778956 0.975851 0.0426066)
(-0.883423 0.882582 0.0385344)
(-0.976781 0.778215 0.0339776)
(-1.05785 0.664061 0.0289935)
(-1.12562 0.541556 0.0236449)
(-1.17924 0.412241 0.0179988)
(-1.21803 0.277742 0.0121265)
(-1.24149 0.13975 0.0061016)
(1.35275 0.152273 0.00664839)
(1.32718 0.302631 0.0132132)
(1.28492 0.449184 0.0196118)
(1.2265 0.590087 0.0257638)
(1.15265 0.72357 0.0315918)
(1.06431 0.847954 0.0370225)
(0.96259 0.961674 0.0419876)
(0.848762 1.0633 0.0464247)
(0.72426 1.15156 0.050278)
(0.59065 1.22533 0.053499)
(0.449612 1.28369 0.0560473)
(0.30292 1.32591 0.0578907)
(0.152418 1.35146 0.0590061)
(0 1.36001 0.0593794)
(-0.152418 1.35146 0.0590061)
(-0.30292 1.32591 0.0578907)
(-0.449612 1.28369 0.0560473)
(-0.59065 1.22533 0.053499)
(-0.72426 1.15156 0.050278)
(-0.848762 1.0633 0.0464247)
(-0.96259 0.961674 0.0419876)
(-1.06431 0.847954 0.0370225)
(-1.15265 0.72357 0.0315918)
(-1.2265 0.590087 0.0257638)
(-1.28492 0.449184 0.0196118)
(-1.32718 0.302631 0.0132132)
(-1.35275 0.152273 0.00664839)
(1.47441 0.165968 0.00724632)
(1.44654 0.329849 0.0144015)
(1.40048 0.489582 0.0213756)
(1.3368 0.643158 0.0280809)
(1.25632 0.788646 0.034433)
(1.16003 0.924216 0.0403521)
(1.04916 1.04816 0.0457638)
(0.925097 1.15893 0.0506)
(0.789397 1.25512 0.0547998)
(0.643771 1.33553 0.0583105)
(0.490048 1.39914 0.061088)
(0.330163 1.44516 0.0630972)
(0.166126 1.47301 0.0643129)
(0 1.48233 0.0647198)
(-0.166126 1.47301 0.0643129)
(-0.330163 1.44516 0.0630972)
(-0.490048 1.39914 0.061088)
(-0.643771 1.33553 0.0583105)
(-0.789397 1.25512 0.0547998)
(-0.925097 1.15893 0.0506)
(-1.04916 1.04816 0.0457638)
(-1.16003 0.924216 0.0403521)
(-1.25632 0.788646 0.034433)
(-1.3368 0.643158 0.0280809)
(-1.40048 0.489582 0.0213756)
(-1.44654 0.329849 0.0144015)
(-1.47441 0.165968 0.00724632)
(1.60745 0.180944 0.00790018)
(1.57706 0.359612 0.015701)
(1.52685 0.533758 0.0233044)
(1.45743 0.701192 0.0306147)
(1.36968 0.859808 0.03754)
(1.26471 1.00761 0.0439932)
(1.14383 1.14274 0.0498932)
(1.00857 1.2635 0.0551658)
(0.860627 1.36838 0.0597446)
(0.70186 1.45604 0.0635721)
(0.534267 1.52539 0.0666001)
(0.359955 1.57556 0.0687906)
(0.181116 1.60592 0.070116)
(0 1.61608 0.0705597)
(-0.181116 1.60592 0.070116)
(-0.359955 1.57556 0.0687906)
(-0.534267 1.52539 0.0666001)
(-0.70186 1.45604 0.0635721)
(-0.860627 1.36838 0.0597446)
(-1.00857 1.2635 0.0551658)
(-1.14383 1.14274 0.0498932)
(-1.26471 1.00761 0.0439932)
(-1.36968 0.859808 0.03754)
(-1.45743 0.701192 0.0306147)
(-1.52685 0.533758 0.0233044)
(-1.57706 0.359612 0.015701)
(-1.60745 0.180944 0.00790018)
(1.75294 0.19732 0.00861519)
(1.7198 0.392159 0.017122)
(1.66504 0.582067 0.0254136)
(1.58933 0.764654 0.0333855)
(1.49364 0.937626 0.0409376)
(1.37917 1.09881 0.0479749)
(1.24736 1.24617 0.0544089)
(1.09985 1.37786 0.0601586)
(0.938519 1.49222 0.0651518)
(0.765383 1.58782 0.0693257)
(0.582621 1.66345 0.0726278)
(0.392533 1.71816 0.0750166)
(0.197508 1.75127 0.076462)
(0 1.76235 0.0769458)
(-0.197508 1.75127 0.076462)
(-0.392533 1.71816 0.0750166)
(-0.582621 1.66345 0.0726278)
(-0.765383 1.58782 0.0693257)
(-0.938519 1.49222 0.0651518)
(-1.09985 1.37786 0.0601586)
(-1.24736 1.24617 0.0544089)
(-1.37917 1.09881 0.0479749)
(-1.49364 0.937626 0.0409376)
(-1.58933 0.764654 0.0333855)
(-1.66504 0.582067 0.0254136)
(-1.7198 0.392159 0.017122)
(-1.75294 0.19732 0.00861519)
(1.91203 0.215229 0.00939708)
(1.87588 0.427751 0.018676)
(1.81615 0.634893 0.02772)
(1.73358 0.834052 0.0364155)
(1.6292 1.02272 0.044653)
(1.50434 1.19853 0.052329)
(1.36056 1.35927 0.0593469)
(1.19967 1.50291 0.0656185)
(1.0237 1.62765 0.0710649)
(0.834847 1.73193 0.0756176)
(0.635498 1.81442 0.0792193)
(0.428158 1.8741 0.0818249)
(0.215434 1.91021 0.0834014)
(0 1.92229 0.0839292)
(-0.215434 1.91021 0.0834014)
(-0.428158 1.8741 0.0818249)
(-0.635498 1.81442 0.0792193)
(-0.834847 1.73193 0.0756176)
(-1.0237 1.62765 0.0710649)
(-1.19967 1.50291 0.0656185)
(-1.36056 1.35927 0.0593469)
(-1.50434 1.19853 0.052329)
(-1.6292 1.02272 0.044653)
(-1.73358 0.834052 0.0364155)
(-1.81615 0.634893 0.02772)
(-1.87588 0.427751 0.018676)
(-1.91203 0.215229 0.00939708)
(2.086 0.234812 0.0102521)
(2.04657 0.466671 0.0203753)
(1.9814 0.692661 0.0302422)
(1.89131 0.909941 0.0397289)
(1.77744 1.11578 0.0487159)
(1.64122 1.30758 0.0570903)
(1.48436 1.48294 0.0647467)
(1.30883 1.63966 0.071589)
(1.11684 1.77575 0.0775309)
(0.910808 1.88951 0.0824979)
(0.693321 1.97951 0.0864274)
(0.467115 2.04462 0.08927)
(0.235036 2.08401 0.09099)
(0 2.0972 0.0915657)
(-0.235036 2.08401 0.09099)
(-0.467115 2.04462 0.08927)
(-0.693321 1.97951 0.0864274)
(-0.910808 1.88951 0.0824979)
(-1.11684 1.77575 0.0775309)
(-1.30883 1.63966 0.071589)
(-1.48436 1.48294 0.0647467)
(-1.64122 1.30758 0.0570903)
(-1.77744 1.11578 0.0487159)
(-1.89131 0.909941 0.0397289)
(-1.9814 0.692661 0.0302422)
(-2.04657 0.466671 0.0203753)
(-2.086 0.234812 0.0102521)
(2.27624 0.256227 0.0111871)
(2.23321 0.509231 0.0222335)
(2.1621 0.755832 0.0330003)
(2.0638 0.992928 0.0433522)
(1.93955 1.21754 0.0531588)
(1.7909 1.42683 0.062297)
(1.61973 1.61819 0.0706517)
(1.42819 1.78919 0.0781179)
(1.2187 1.9377 0.0846018)
(0.993874 2.06184 0.0900217)
(0.756552 2.16004 0.0943096)
(0.509717 2.23109 0.0974114)
(0.256471 2.27408 0.0992883)
(0 2.28847 0.0999166)
(-0.256471 2.27408 0.0992883)
(-0.509717 2.23109 0.0974114)
(-0.756552 2.16004 0.0943096)
(-0.993874 2.06184 0.0900217)
(-1.2187 1.9377 0.0846018)
(-1.42819 1.78919 0.0781179)
(-1.61973 1.61819 0.0706517)
(-1.7909 1.42683 0.062297)
(-1.93955 1.21754 0.0531588)
(-2.0638 0.992928 0.0433522)
(-2.1621 0.755832 0.0330003)
(-2.23321 0.509231 0.0222335)
(-2.27624 0.256227 0.0111871)
(2.48428 0.279645 0.0122096)
(2.43732 0.555773 0.0242656)
(2.35971 0.824912 0.0360164)
(2.25242 1.08368 0.0473144)
(2.11681 1.32881 0.0580173)
(1.95458 1.55724 0.0679906)
(1.76777 1.76608 0.0771089)
(1.55872 1.95272 0.0852575)
(1.33008 2.1148 0.092334)
(1.08471 2.25028 0.0982493)
(0.825698 2.35746 0.102929)
(0.556302 2.435 0.106314)
(0.279911 2.48192 0.108363)
(0 2.49762 0.109048)
(-0.279911 2.48192 0.108363)
(-0.556302 2.435 0.106314)
(-0.825698 2.35746 0.102929)
(-1.08471 2.25028 0.0982493)
(-1.33008 2.1148 0.092334)
(-1.55872 1.95272 0.0852575)
(-1.76777 1.76608 0.0771089)
(-1.95458 1.55724 0.0679906)
(-2.11681 1.32881 0.0580173)
(-2.25242 1.08368 0.0473144)
(-2.35971 0.824912 0.0360164)
(-2.43732 0.555773 0.0242656)
(-2.48428 0.279645 0.0122096)
(0.496856 0.055929 0.00244191)
(0.487464 0.111155 0.00485311)
(0.471942 0.164982 0.00720329)
(0.450484 0.216735 0.00946287)
(0.423362 0.265763 0.0116035)
(0.390916 0.311448 0.0135981)
(0.353553 0.353217 0.0154218)
(0.311745 0.390544 0.0170515)
(0.266016 0.422959 0.0184668)
(0.216942 0.450056 0.0196499)
(0.16514 0.471492 0.0205858)
(0.11126 0.487 0.0212629)
(0.0559822 0.496383 0.0216726)
(0 0.499524 0.0218097)
(-0.0559822 0.496383 0.0216726)
(-0.11126 0.487 0.0212629)
(-0.16514 0.471492 0.0205858)
(-0.216942 0.450056 0.0196499)
(-0.266016 0.422959 0.0184668)
(-0.311745 0.390544 0.0170515)
(-0.353553 0.353217 0.0154218)
(-0.390916 0.311448 0.0135981)
(-0.423362 0.265763 0.0116035)
(-0.450484 0.216735 0.00946287)
(-0.471942 0.164982 0.00720329)
(-0.487464 0.111155 0.00485311)
(-0.496856 0.055929 0.00244191)
(0.538464 0.0606125 -0.0026464)
(0.528285 0.120463 -0.00525952)
(0.511463 0.178798 -0.0078065)
(0.488209 0.234885 -0.0102553)
(0.458815 0.288018 -0.0125752)
(0.423652 0.337529 -0.0147369)
(0.383161 0.382796 -0.0167132)
(0.337851 0.423248 -0.0184794)
(0.288293 0.458378 -0.0200132)
(0.235109 0.487744 -0.0212954)
(0.178969 0.510976 -0.0223097)
(0.120578 0.527782 -0.0230435)
(0.0606703 0.537951 -0.0234875)
(0 0.541355 -0.0236361)
(-0.0606703 0.537951 -0.0234875)
(-0.120578 0.527782 -0.0230435)
(-0.178969 0.510976 -0.0223097)
(-0.235109 0.487744 -0.0212954)
(-0.288293 0.458378 -0.0200132)
(-0.337851 0.423248 -0.0184794)
(-0.383161 0.382796 -0.0167132)
(-0.423652 0.337529 -0.0147369)
(-0.458815 0.288018 -0.0125752)
(-0.488209 0.234885 -0.0102553)
(-0.511463 0.178798 -0.0078065)
(-0.528285 0.120463 -0.00525952)
(-0.538464 0.0606125 -0.0026464)
(0.583963 0.0657342 -0.00287002)
(0.572924 0.130642 -0.00570394)
(0.554681 0.193906 -0.00846614)
(0.529462 0.254733 -0.0111219)
(0.497584 0.312355 -0.0136377)
(0.45945 0.36605 -0.0159821)
(0.415537 0.415141 -0.0181255)
(0.366399 0.459012 -0.0200409)
(0.312653 0.497111 -0.0217043)
(0.254975 0.528958 -0.0230948)
(0.194091 0.554153 -0.0241948)
(0.130766 0.572379 -0.0249906)
(0.0657968 0.583407 -0.0254721)
(0 0.587099 -0.0256333)
(-0.0657968 0.583407 -0.0254721)
(-0.130766 0.572379 -0.0249906)
(-0.194091 0.554153 -0.0241948)
(-0.254975 0.528958 -0.0230948)
(-0.312653 0.497111 -0.0217043)
(-0.366399 0.459012 -0.0200409)
(-0.415537 0.415141 -0.0181255)
(-0.45945 0.36605 -0.0159821)
(-0.497584 0.312355 -0.0136377)
(-0.529462 0.254733 -0.0111219)
(-0.554681 0.193906 -0.00846614)
(-0.572924 0.130642 -0.00570394)
(-0.583963 0.0657342 -0.00287002)
(0.633718 0.0713349 -0.00311455)
(0.621739 0.141773 -0.00618993)
(0.601941 0.210428 -0.00918747)
(0.574573 0.276436 -0.0120695)
(0.53998 0.338969 -0.0147997)
(0.498596 0.397238 -0.0173438)
(0.450942 0.450512 -0.0196698)
(0.397617 0.498121 -0.0217484)
(0.339292 0.539466 -0.0235536)
(0.2767 0.574026 -0.0250625)
(0.210628 0.601368 -0.0262563)
(0.141908 0.621147 -0.0271199)
(0.0714029 0.633115 -0.0276424)
(0 0.637121 -0.0278173)
(-0.0714029 0.633115 -0.0276424)
(-0.141908 0.621147 -0.0271199)
(-0.210628 0.601368 -0.0262563)
(-0.2767 0.574026 -0.0250625)
(-0.339292 0.539466 -0.0235536)
(-0.397617 0.498121 -0.0217484)
(-0.450942 0.450512 -0.0196698)
(-0.498596 0.397238 -0.0173438)
(-0.53998 0.338969 -0.0147997)
(-0.574573 0.276436 -0.0120695)
(-0.601941 0.210428 -0.00918747)
(-0.621739 0.141773 -0.00618993)
(-0.633718 0.0713349 -0.00311455)
(0.688126 0.0774594 -0.00338195)
(0.675119 0.153945 -0.00672137)
(0.653621 0.228494 -0.00997627)
(0.623903 0.30017 -0.0131057)
(0.58634 0.368071 -0.0160703)
(0.541403 0.431344 -0.0188329)
(0.489658 0.489192 -0.0213586)
(0.431755 0.540888 -0.0236157)
(0.368422 0.585782 -0.0255758)
(0.300456 0.62331 -0.0272143)
(0.228712 0.652999 -0.0285105)
(0.154091 0.674476 -0.0294483)
(0.0775332 0.687471 -0.0300157)
(0 0.691822 -0.0302056)
(-0.0775332 0.687471 -0.0300157)
(-0.154091 0.674476 -0.0294483)
(-0.228712 0.652999 -0.0285105)
(-0.300456 0.62331 -0.0272143)
(-0.368422 0.585782 -0.0255758)
(-0.431755 0.540888 -0.0236157)
(-0.489658 0.489192 -0.0213586)
(-0.541403 0.431344 -0.0188329)
(-0.58634 0.368071 -0.0160703)
(-0.623903 0.30017 -0.0131057)
(-0.653621 0.228494 -0.00997627)
(-0.675119 0.153945 -0.00672137)
(-0.688126 0.0774594 -0.00338195)
(0.747624 0.0841568 -0.00367437)
(0.733492 0.167255 -0.00730252)
(0.710135 0.24825 -0.0108389)
(0.677848 0.326124 -0.0142389)
(0.637037 0.399896 -0.0174598)
(0.588215 0.468639 -0.0204612)
(0.531995 0.531489 -0.0232053)
(0.469085 0.587655 -0.0256576)
(0.400277 0.636431 -0.0277872)
(0.326434 0.677203 -0.0295673)
(0.248487 0.709459 -0.0309757)
(0.167415 0.732793 -0.0319945)
(0.084237 0.746912 -0.0326109)
(0 0.751639 -0.0328172)
(-0.084237 0.746912 -0.0326109)
(-0.167415 0.732793 -0.0319945)
(-0.248487 0.709459 -0.0309757)
(-0.326434 0.677203 -0.0295673)
(-0.400277 0.636431 -0.0277872)
(-0.469085 0.587655 -0.0256576)
(-0.531995 0.531489 -0.0232053)
(-0.588215 0.468639 -0.0204612)
(-0.637037 0.399896 -0.0174598)
(-0.677848 0.326124 -0.0142389)
(-0.710135 0.24825 -0.0108389)
(-0.733492 0.167255 -0.00730252)
(-0.747624 0.0841568 -0.00367437)
(0.812687 0.0914806 -0.00399413)
(0.797324 0.181811 -0.00793803)
(0.771935 0.269855 -0.0117821)
(0.736838 0.354505 -0.015478)
(0.692475 0.434697 -0.0189793)
(0.639404 0.509423 -0.0222419)
(0.578292 0.577742 -0.0252248)
(0.509908 0.638796 -0.0278904)
(0.435111 0.691816 -0.0302054)
(0.354843 0.736137 -0.0321404)
(0.270112 0.7712 -0.0336713)
(0.181984 0.796565 -0.0347788)
(0.0915678 0.811913 -0.0354489)
(0 0.81705 -0.0356732)
(-0.0915678 0.811913 -0.0354489)
(-0.181984 0.796565 -0.0347788)
(-0.270112 0.7712 -0.0336713)
(-0.354843 0.736137 -0.0321404)
(-0.435111 0.691816 -0.0302054)
(-0.509908 0.638796 -0.0278904)
(-0.578292 0.577742 -0.0252248)
(-0.639404 0.509423 -0.0222419)
(-0.692475 0.434697 -0.0189793)
(-0.736838 0.354505 -0.015478)
(-0.771935 0.269855 -0.0117821)
(-0.797324 0.181811 -0.00793803)
(-0.812687 0.0914806 -0.00399413)
(0.883834 0.0994894 -0.0043438)
(0.867127 0.197728 -0.00863298)
(0.839515 0.29348 -0.0128136)
(0.801346 0.385541 -0.0168331)
(0.753099 0.472753 -0.0206409)
(0.695382 0.554021 -0.0241891)
(0.62892 0.628321 -0.0274331)
(0.554549 0.69472 -0.0303321)
(0.473204 0.752383 -0.0328497)
(0.385908 0.800583 -0.0349542)
(0.293759 0.838716 -0.0366191)
(0.197916 0.866302 -0.0378236)
(0.0995842 0.882993 -0.0385523)
(0 0.88858 -0.0387963)
(-0.0995842 0.882993 -0.0385523)
(-0.197916 0.866302 -0.0378236)
(-0.293759 0.838716 -0.0366191)
(-0.385908 0.800583 -0.0349542)
(-0.473204 0.752383 -0.0328497)
(-0.554549 0.69472 -0.0303321)
(-0.62892 0.628321 -0.0274331)
(-0.695382 0.554021 -0.0241891)
(-0.753099 0.472753 -0.0206409)
(-0.801346 0.385541 -0.0168331)
(-0.839515 0.29348 -0.0128136)
(-0.867127 0.197728 -0.00863298)
(-0.883834 0.0994894 -0.0043438)
(0.961637 0.108247 -0.00472618)
(0.943459 0.215133 -0.00939293)
(0.913417 0.319314 -0.0139416)
(0.871887 0.419479 -0.0183149)
(0.819394 0.514369 -0.0224578)
(0.756595 0.60279 -0.0263184)
(0.684283 0.683631 -0.029848)
(0.603365 0.755875 -0.0330022)
(0.514859 0.818614 -0.0357414)
(0.419879 0.871057 -0.0380312)
(0.319618 0.912547 -0.0398427)
(0.215338 0.942561 -0.0411531)
(0.10835 0.960722 -0.041946)
(0 0.966801 -0.0422114)
(-0.10835 0.960722 -0.041946)
(-0.215338 0.942561 -0.0411531)
(-0.319618 0.912547 -0.0398427)
(-0.419879 0.871057 -0.0380312)
(-0.514859 0.818614 -0.0357414)
(-0.603365 0.755875 -0.0330022)
(-0.684283 0.683631 -0.029848)
(-0.756595 0.60279 -0.0263184)
(-0.819394 0.514369 -0.0224578)
(-0.871887 0.419479 -0.0183149)
(-0.913417 0.319314 -0.0139416)
(-0.943459 0.215133 -0.00939293)
(-0.961637 0.108247 -0.00472618)
(1.04672 0.117824 -0.00514432)
(1.02693 0.234167 -0.010224)
(0.99423 0.347565 -0.015175)
(0.949027 0.456592 -0.0199352)
(0.891888 0.559877 -0.0244448)
(0.823534 0.656122 -0.0286469)
(0.744824 0.744115 -0.0324888)
(0.656747 0.822751 -0.0359221)
(0.560411 0.89104 -0.0389036)
(0.457027 0.948123 -0.041396)
(0.347896 0.993284 -0.0433677)
(0.23439 1.02595 -0.0447941)
(0.117937 1.04572 -0.0456571)
(0 1.05234 -0.045946)
(-0.117937 1.04572 -0.0456571)
(-0.23439 1.02595 -0.0447941)
(-0.347896 0.993284 -0.0433677)
(-0.457027 0.948123 -0.041396)
(-0.560411 0.89104 -0.0389036)
(-0.656747 0.822751 -0.0359221)
(-0.744824 0.744115 -0.0324888)
(-0.823534 0.656122 -0.0286469)
(-0.891888 0.559877 -0.0244448)
(-0.949027 0.456592 -0.0199352)
(-0.99423 0.347565 -0.015175)
(-1.02693 0.234167 -0.010224)
(-1.04672 0.117824 -0.00514432)
(1.13975 0.128297 -0.00560158)
(1.11821 0.254981 -0.0111327)
(1.0826 0.378458 -0.0165238)
(1.03338 0.497176 -0.0217072)
(0.971164 0.609642 -0.0266175)
(0.896734 0.714441 -0.0311932)
(0.811027 0.810256 -0.0353765)
(0.715122 0.895881 -0.039115)
(0.610223 0.97024 -0.0423616)
(0.49765 1.0324 -0.0450754)
(0.378819 1.08157 -0.0472224)
(0.255224 1.11714 -0.0487756)
(0.128419 1.13867 -0.0497154)
(0 1.14587 -0.05003)
(-0.128419 1.13867 -0.0497154)
(-0.255224 1.11714 -0.0487756)
(-0.378819 1.08157 -0.0472224)
(-0.49765 1.0324 -0.0450754)
(-0.610223 0.97024 -0.0423616)
(-0.715122 0.895881 -0.039115)
(-0.811027 0.810256 -0.0353765)
(-0.896734 0.714441 -0.0311932)
(-0.971164 0.609642 -0.0266175)
(-1.03338 0.497176 -0.0217072)
(-1.0826 0.378458 -0.0165238)
(-1.11821 0.254981 -0.0111327)
(-1.13975 0.128297 -0.00560158)
(1.24149 0.13975 -0.0061016)
(1.21803 0.277742 -0.0121265)
(1.17924 0.412241 -0.0179988)
(1.12562 0.541556 -0.0236449)
(1.05785 0.664061 -0.0289935)
(0.976781 0.778215 -0.0339776)
(0.883423 0.882582 -0.0385344)
(0.778956 0.975851 -0.0426066)
(0.664694 1.05685 -0.046143)
(0.542072 1.12455 -0.0490991)
(0.412634 1.17812 -0.0514377)
(0.278006 1.21687 -0.0531295)
(0.139883 1.24031 -0.0541532)
(0 1.24816 -0.0544958)
(-0.139883 1.24031 -0.0541532)
(-0.278006 1.21687 -0.0531295)
(-0.412634 1.17812 -0.0514377)
(-0.542072 1.12455 -0.0490991)
(-0.664694 1.05685 -0.046143)
(-0.778956 0.975851 -0.0426066)
(-0.883423 0.882582 -0.0385344)
(-0.976781 0.778215 -0.0339776)
(-1.05785 0.664061 -0.0289935)
(-1.12562 0.541556 -0.0236449)
(-1.17924 0.412241 -0.0179988)
(-1.21803 0.277742 -0.0121265)
(-1.24149 0.13975 -0.0061016)
(1.35275 0.152273 -0.00664839)
(1.32718 0.302631 -0.0132132)
(1.28492 0.449184 -0.0196118)
(1.2265 0.590087 -0.0257638)
(1.15265 0.72357 -0.0315918)
(1.06431 0.847954 -0.0370225)
(0.96259 0.961674 -0.0419876)
(0.848762 1.0633 -0.0464247)
(0.72426 1.15156 -0.050278)
(0.59065 1.22533 -0.053499)
(0.449612 1.28369 -0.0560473)
(0.30292 1.32591 -0.0578907)
(0.152418 1.35146 -0.0590061)
(0 1.36001 -0.0593794)
(-0.152418 1.35146 -0.0590061)
(-0.30292 1.32591 -0.0578907)
(-0.449612 1.28369 -0.0560473)
(-0.59065 1.22533 -0.053499)
(-0.72426 1.15156 -0.050278)
(-0.848762 1.0633 -0.0464247)
(-0.96259 0.961674 -0.0419876)
(-1.06431 0.847954 -0.0370225)
(-1.15265 0.72357 -0.0315918)
(-1.2265 0.590087 -0.0257638)
(-1.28492 0.449184 -0.0196118)
(-1.32718 0.302631 -0.0132132)
(-1.35275 0.152273 -0.00664839)
(1.47441 0.165968 -0.00724632)
(1.44654 0.329849 -0.0144015)
(1.40048 0.489582 -0.0213756)
(1.3368 0.643158 -0.0280809)
(1.25632 0.788646 -0.034433)
(1.16003 0.924216 -0.0403521)
(1.04916 1.04816 -0.0457638)
(0.925097 1.15893 -0.0506)
(0.789397 1.25512 -0.0547998)
(0.643771 1.33553 -0.0583105)
(0.490048 1.39914 -0.061088)
(0.330163 1.44516 -0.0630972)
(0.166126 1.47301 -0.0643129)
(0 1.48233 -0.0647198)
(-0.166126 1.47301 -0.0643129)
(-0.330163 1.44516 -0.0630972)
(-0.490048 1.39914 -0.061088)
(-0.643771 1.33553 -0.0583105)
(-0.789397 1.25512 -0.0547998)
(-0.925097 1.15893 -0.0506)
(-1.04916 1.04816 -0.0457638)
(-1.16003 0.924216 -0.0403521)
(-1.25632 0.788646 -0.034433)
(-1.3368 0.643158 -0.0280809)
(-1.40048 0.489582 -0.0213756)
(-1.44654 0.329849 -0.0144015)
(-1.47441 0.165968 -0.00724632)
(1.60745 0.180944 -0.00790018)
(1.57706 0.359612 -0.015701)
(1.52685 0.533758 -0.0233044)
(1.45743 0.701192 -0.0306147)
(1.36968 0.859808 -0.03754)
(1.26471 1.00761 -0.0439932)
(1.14383 1.14274 -0.0498932)
(1.00857 1.2635 -0.0551658)
(0.860627 1.36838 -0.0597446)
(0.70186 1.45604 -0.0635721)
(0.534267 1.52539 -0.0666001)
(0.359955 1.57556 -0.0687906)
(0.181116 1.60592 -0.070116)
(0 1.61608 -0.0705597)
(-0.181116 1.60592 -0.070116)
(-0.359955 1.57556 -0.0687906)
(-0.534267 1.52539 -0.0666001)
(-0.70186 1.45604 -0.0635721)
(-0.860627 1.36838 -0.0597446)
(-1.00857 1.2635 -0.0551658)
(-1.14383 1.14274 -0.0498932)
(-1.26471 1.00761 -0.0439932)
(-1.36968 0.859808 -0.03754)
(-1.45743 0.701192 -0.0306147)
(-1.52685 0.533758 -0.0233044)
(-1.57706 0.359612 -0.015701)
(-1.60745 0.180944 -0.00790018)
(1.75294 0.19732 -0.00861519)
(1.7198 0.392159 -0.017122)
(1.66504 0.582067 -0.0254136)
(1.58933 0.764654 -0.0333855)
(1.49364 0.937626 -0.0409376)
(1.37917 1.09881 -0.0479749)
(1.24736 1.24617 -0.0544089)
(1.09985 1.37786 -0.0601586)
(0.938519 1.49222 -0.0651518)
(0.765383 1.58782 -0.0693257)
(0.582621 1.66345 -0.0726278)
(0.392533 1.71816 -0.0750166)
(0.197508 1.75127 -0.076462)
(0 1.76235 -0.0769458)
(-0.197508 1.75127 -0.076462)
(-0.392533 1.71816 -0.0750166)
(-0.582621 1.66345 -0.0726278)
(-0.765383 1.58782 -0.0693257)
(-0.938519 1.49222 -0.0651518)
(-1.09985 1.37786 -0.0601586)
(-1.24736 1.24617 -0.0544089)
(-1.37917 1.09881 -0.0479749)
(-1.49364 0.937626 -0.0409376)
(-1.58933 0.764654 -0.0333855)
(-1.66504 0.582067 -0.0254136)
(-1.7198 0.392159 -0.017122)
(-1.75294 0.19732 -0.00861519)
(1.91203 0.215229 -0.00939708)
(1.87588 0.427751 -0.018676)
(1.81615 0.634893 -0.02772)
(1.73358 0.834052 -0.0364155)
(1.6292 1.02272 -0.044653)
(1.50434 1.19853 -0.052329)
(1.36056 1.35927 -0.0593469)
(1.19967 1.50291 -0.0656185)
(1.0237 1.62765 -0.0710649)
(0.834847 1.73193 -0.0756176)
(0.635498 1.81442 -0.0792193)
(0.428158 1.8741 -0.0818249)
(0.215434 1.91021 -0.0834014)
(0 1.92229 -0.0839292)
(-0.215434 1.91021 -0.0834014)
(-0.428158 1.8741 -0.0818249)
(-0.635498 1.81442 -0.0792193)
(-0.834847 1.73193 -0.0756176)
(-1.0237 1.62765 -0.0710649)
(-1.19967 1.50291 -0.0656185)
(-1.36056 1.35927 -0.0593469)
(-1.50434 1.19853 -0.052329)
(-1.6292 1.02272 -0.044653)
(-1.73358 0.834052 -0.0364155)
(-1.81615 0.634893 -0.02772)
(-1.87588 0.427751 -0.018676)
(-1.91203 0.215229 -0.00939708)
(2.086 0.234812 -0.0102521)
(2.04657 0.466671 -0.0203753)
(1.9814 0.692661 -0.0302422)
(1.89131 0.909941 -0.0397289)
(1.77744 1.11578 -0.0487159)
(1.64122 1.30758 -0.0570903)
(1.48436 1.48294 -0.0647467)
(1.30883 1.63966 -0.071589)
(1.11684 1.77575 -0.0775309)
(0.910808 1.88951 -0.0824979)
(0.693321 1.97951 -0.0864274)
(0.467115 2.04462 -0.08927)
(0.235036 2.08401 -0.09099)
(0 2.0972 -0.0915657)
(-0.235036 2.08401 -0.09099)
(-0.467115 2.04462 -0.08927)
(-0.693321 1.97951 -0.0864274)
(-0.910808 1.88951 -0.0824979)
(-1.11684 1.77575 -0.0775309)
(-1.30883 1.63966 -0.071589)
(-1.48436 1.48294 -0.0647467)
(-1.64122 1.30758 -0.0570903)
(-1.77744 1.11578 -0.0487159)
(-1.89131 0.909941 -0.0397289)
(-1.9814 0.692661 -0.0302422)
(-2.04657 0.466671 -0.0203753)
(-2.086 0.234812 -0.0102521)
(2.27624 0.256227 -0.0111871)
(2.23321 0.509231 -0.0222335)
(2.1621 0.755832 -0.0330003)
(2.0638 0.992928 -0.0433522)
(1.93955 1.21754 -0.0531588)
(1.7909 1.42683 -0.062297)
(1.61973 1.61819 -0.0706517)
(1.42819 1.78919 -0.0781179)
(1.2187 1.9377 -0.0846018)
(0.993874 2.06184 -0.0900217)
(0.756552 2.16004 -0.0943096)
(0.509717 2.23109 -0.0974114)
(0.256471 2.27408 -0.0992883)
(0 2.28847 -0.0999166)
(-0.256471 2.27408 -0.0992883)
(-0.509717 2.23109 -0.0974114)
(-0.756552 2.16004 -0.0943096)
(-0.993874 2.06184 -0.0900217)
(-1.2187 1.9377 -0.0846018)
(-1.42819 1.78919 -0.0781179)
(-1.61973 1.61819 -0.0706517)
(-1.7909 1.42683 -0.062297)
(-1.93955 1.21754 -0.0531588)
(-2.0638 0.992928 -0.0433522)
(-2.1621 0.755832 -0.0330003)
(-2.23321 0.509231 -0.0222335)
(-2.27624 0.256227 -0.0111871)
(2.48428 0.279645 -0.0122096)
(2.43732 0.555773 -0.0242656)
(2.35971 0.824912 -0.0360164)
(2.25242 1.08368 -0.0473144)
(2.11681 1.32881 -0.0580173)
(1.95458 1.55724 -0.0679906)
(1.76777 1.76608 -0.0771089)
(1.55872 1.95272 -0.0852575)
(1.33008 2.1148 -0.092334)
(1.08471 2.25028 -0.0982493)
(0.825698 2.35746 -0.102929)
(0.556302 2.435 -0.106314)
(0.279911 2.48192 -0.108363)
(0 2.49762 -0.109048)
(-0.279911 2.48192 -0.108363)
(-0.556302 2.435 -0.106314)
(-0.825698 2.35746 -0.102929)
(-1.08471 2.25028 -0.0982493)
(-1.33008 2.1148 -0.092334)
(-1.55872 1.95272 -0.0852575)
(-1.76777 1.76608 -0.0771089)
(-1.95458 1.55724 -0.0679906)
(-2.11681 1.32881 -0.0580173)
(-2.25242 1.08368 -0.0473144)
(-2.35971 0.824912 -0.0360164)
(-2.43732 0.555773 -0.0242656)
(-2.48428 0.279645 -0.0122096)
(0.496856 0.055929 -0.00244191)
(0.487464 0.111155 -0.00485311)
(0.471942 0.164982 -0.00720329)
(0.450484 0.216735 -0.00946287)
(0.423362 0.265763 -0.0116035)
(0.390916 0.311448 -0.0135981)
(0.353553 0.353217 -0.0154218)
(0.311745 0.390544 -0.0170515)
(0.266016 0.422959 -0.0184668)
(0.216942 0.450056 -0.0196499)
(0.16514 0.471492 -0.0205858)
(0.11126 0.487 -0.0212629)
(0.0559822 0.496383 -0.0216726)
(0 0.499524 -0.0218097)
(-0.0559822 0.496383 -0.0216726)
(-0.11126 0.487 -0.0212629)
(-0.16514 0.471492 -0.0205858)
(-0.216942 0.450056 -0.0196499)
(-0.266016 0.422959 -0.0184668)
(-0.311745 0.390544 -0.0170515)
(-0.353553 0.353217 -0.0154218)
(-0.390916 0.311448 -0.0135981)
(-0.423362 0.265763 -0.0116035)
(-0.450484 0.216735 -0.00946287)
(-0.471942 0.164982 -0.00720329)
(-0.487464 0.111155 -0.00485311)
(-0.496856 0.055929 -0.00244191)
(-1.76403 0 0)
(-1.92413 0 0)
(-2.0992 0 0)
(-2.29065 0 0)
(0.541871 0 0)
(0.587658 0 0)
(0.637728 0 0)
(0.692481 0 0)
(0.752355 0 0)
(0.817829 0 0)
(0.889427 0 0)
(0.967722 0 0)
(1.05334 0 0)
(1.14697 0 0)
(1.24935 0 0)
(1.36131 0 0)
(1.48374 0 0)
(1.61762 0 0)
(1.76403 0 0)
(1.92413 0 0)
(2.0992 0 0)
(2.29065 0 0)
(-0.5 0 0)
(-2.5 0 0)
(0.5 0 0)
(2.5 0 0)
(-0.541871 0 0)
(-0.587658 0 0)
(-0.637728 0 0)
(-0.692481 0 0)
(-0.752355 0 0)
(-0.817829 0 0)
(-0.889427 0 0)
(-0.967722 0 0)
(-1.05334 0 0)
(-1.14697 0 0)
(-1.24935 0 0)
(-1.36131 0 0)
(-1.48374 0 0)
(-1.61762 0 0)
)


// ************************************************************************* //
