/*--------------------------------*- C++ -*----------------------------------*\
| =========                 |                                                 |
| \\      /  F ield         | OpenFOAM: The Open Source CFD Toolbox           |
|  \\    /   O peration     | Version:  v2012                                 |
|   \\  /    A nd           | Website:  www.openfoam.com                      |
|    \\/     M anipulation  |                                                 |
\*---------------------------------------------------------------------------*/
FoamFile
{
    version     2.0;
    format      ascii;
    class       faceList;
    location    "constant/polyMesh";
    object      faces;
}
// * * * * * * * * * * * * * * * * * * * * * * * * * * * * * * * * * * * * * //


3565
(
3(0 1806 900)
4(0 900 1764 864)
3(1808 936 36)
4(0 36 936 900)
3(1810 972 72)
4(36 72 972 936)
3(1812 1008 108)
4(72 108 1008 972)
3(1814 1044 144)
4(108 144 1044 1008)
3(1816 1080 180)
4(144 180 1080 1044)
3(1818 1116 216)
4(180 216 1116 1080)
3(1820 1152 252)
4(216 252 1152 1116)
3(1822 1188 288)
4(252 288 1188 1152)
3(1824 1224 324)
4(288 324 1224 1188)
3(1826 1260 360)
4(324 360 1260 1224)
3(1828 1296 396)
4(360 396 1296 1260)
3(1830 1332 432)
4(396 432 1332 1296)
3(1832 1368 468)
4(432 468 1368 1332)
3(1834 1404 504)
4(468 504 1404 1368)
3(1836 1440 540)
4(504 540 1440 1404)
3(1838 1476 576)
4(540 576 1476 1440)
3(1840 1512 612)
4(576 612 1512 1476)
3(1841 1548 648)
4(612 648 1548 1512)
3(1842 1584 684)
4(648 684 1584 1548)
3(1843 1620 720)
4(684 720 1620 1584)
3(1844 1656 756)
4(720 756 1656 1620)
3(1845 1692 792)
4(756 792 1692 1656)
4(792 828 1728 1692)
4(0 900 901 1)
4(1 901 1765 865)
4(36 936 937 37)
4(1 37 937 901)
4(72 972 973 73)
4(37 73 973 937)
4(108 1008 1009 109)
4(73 109 1009 973)
4(144 1044 1045 145)
4(109 145 1045 1009)
4(180 1080 1081 181)
4(145 181 1081 1045)
4(216 1116 1117 217)
4(181 217 1117 1081)
4(252 1152 1153 253)
4(217 253 1153 1117)
4(288 1188 1189 289)
4(253 289 1189 1153)
4(324 1224 1225 325)
4(289 325 1225 1189)
4(360 1260 1261 361)
4(325 361 1261 1225)
4(396 1296 1297 397)
4(361 397 1297 1261)
4(432 1332 1333 433)
4(397 433 1333 1297)
4(468 1368 1369 469)
4(433 469 1369 1333)
4(504 1404 1405 505)
4(469 505 1405 1369)
4(540 1440 1441 541)
4(505 541 1441 1405)
4(576 1476 1477 577)
4(541 577 1477 1441)
4(612 1512 1513 613)
4(577 613 1513 1477)
4(648 1548 1549 649)
4(613 649 1549 1513)
4(684 1584 1585 685)
4(649 685 1585 1549)
4(720 1620 1621 721)
4(685 721 1621 1585)
4(756 1656 1657 757)
4(721 757 1657 1621)
4(792 1692 1693 793)
4(757 793 1693 1657)
4(793 829 1729 1693)
4(1 901 902 2)
4(2 902 1766 866)
4(37 937 938 38)
4(2 38 938 902)
4(73 973 974 74)
4(38 74 974 938)
4(109 1009 1010 110)
4(74 110 1010 974)
4(145 1045 1046 146)
4(110 146 1046 1010)
4(181 1081 1082 182)
4(146 182 1082 1046)
4(217 1117 1118 218)
4(182 218 1118 1082)
4(253 1153 1154 254)
4(218 254 1154 1118)
4(289 1189 1190 290)
4(254 290 1190 1154)
4(325 1225 1226 326)
4(290 326 1226 1190)
4(361 1261 1262 362)
4(326 362 1262 1226)
4(397 1297 1298 398)
4(362 398 1298 1262)
4(433 1333 1334 434)
4(398 434 1334 1298)
4(469 1369 1370 470)
4(434 470 1370 1334)
4(505 1405 1406 506)
4(470 506 1406 1370)
4(541 1441 1442 542)
4(506 542 1442 1406)
4(577 1477 1478 578)
4(542 578 1478 1442)
4(613 1513 1514 614)
4(578 614 1514 1478)
4(649 1549 1550 650)
4(614 650 1550 1514)
4(685 1585 1586 686)
4(650 686 1586 1550)
4(721 1621 1622 722)
4(686 722 1622 1586)
4(757 1657 1658 758)
4(722 758 1658 1622)
4(793 1693 1694 794)
4(758 794 1694 1658)
4(794 830 1730 1694)
4(2 902 903 3)
4(3 903 1767 867)
4(38 938 939 39)
4(3 39 939 903)
4(74 974 975 75)
4(39 75 975 939)
4(110 1010 1011 111)
4(75 111 1011 975)
4(146 1046 1047 147)
4(111 147 1047 1011)
4(182 1082 1083 183)
4(147 183 1083 1047)
4(218 1118 1119 219)
4(183 219 1119 1083)
4(254 1154 1155 255)
4(219 255 1155 1119)
4(290 1190 1191 291)
4(255 291 1191 1155)
4(326 1226 1227 327)
4(291 327 1227 1191)
4(362 1262 1263 363)
4(327 363 1263 1227)
4(398 1298 1299 399)
4(363 399 1299 1263)
4(434 1334 1335 435)
4(399 435 1335 1299)
4(470 1370 1371 471)
4(435 471 1371 1335)
4(506 1406 1407 507)
4(471 507 1407 1371)
4(542 1442 1443 543)
4(507 543 1443 1407)
4(578 1478 1479 579)
4(543 579 1479 1443)
4(614 1514 1515 615)
4(579 615 1515 1479)
4(650 1550 1551 651)
4(615 651 1551 1515)
4(686 1586 1587 687)
4(651 687 1587 1551)
4(722 1622 1623 723)
4(687 723 1623 1587)
4(758 1658 1659 759)
4(723 759 1659 1623)
4(794 1694 1695 795)
4(759 795 1695 1659)
4(795 831 1731 1695)
4(3 903 904 4)
4(4 904 1768 868)
4(39 939 940 40)
4(4 40 940 904)
4(75 975 976 76)
4(40 76 976 940)
4(111 1011 1012 112)
4(76 112 1012 976)
4(147 1047 1048 148)
4(112 148 1048 1012)
4(183 1083 1084 184)
4(148 184 1084 1048)
4(219 1119 1120 220)
4(184 220 1120 1084)
4(255 1155 1156 256)
4(220 256 1156 1120)
4(291 1191 1192 292)
4(256 292 1192 1156)
4(327 1227 1228 328)
4(292 328 1228 1192)
4(363 1263 1264 364)
4(328 364 1264 1228)
4(399 1299 1300 400)
4(364 400 1300 1264)
4(435 1335 1336 436)
4(400 436 1336 1300)
4(471 1371 1372 472)
4(436 472 1372 1336)
4(507 1407 1408 508)
4(472 508 1408 1372)
4(543 1443 1444 544)
4(508 544 1444 1408)
4(579 1479 1480 580)
4(544 580 1480 1444)
4(615 1515 1516 616)
4(580 616 1516 1480)
4(651 1551 1552 652)
4(616 652 1552 1516)
4(687 1587 1588 688)
4(652 688 1588 1552)
4(723 1623 1624 724)
4(688 724 1624 1588)
4(759 1659 1660 760)
4(724 760 1660 1624)
4(795 1695 1696 796)
4(760 796 1696 1660)
4(796 832 1732 1696)
4(4 904 905 5)
4(5 905 1769 869)
4(40 940 941 41)
4(5 41 941 905)
4(76 976 977 77)
4(41 77 977 941)
4(112 1012 1013 113)
4(77 113 1013 977)
4(148 1048 1049 149)
4(113 149 1049 1013)
4(184 1084 1085 185)
4(149 185 1085 1049)
4(220 1120 1121 221)
4(185 221 1121 1085)
4(256 1156 1157 257)
4(221 257 1157 1121)
4(292 1192 1193 293)
4(257 293 1193 1157)
4(328 1228 1229 329)
4(293 329 1229 1193)
4(364 1264 1265 365)
4(329 365 1265 1229)
4(400 1300 1301 401)
4(365 401 1301 1265)
4(436 1336 1337 437)
4(401 437 1337 1301)
4(472 1372 1373 473)
4(437 473 1373 1337)
4(508 1408 1409 509)
4(473 509 1409 1373)
4(544 1444 1445 545)
4(509 545 1445 1409)
4(580 1480 1481 581)
4(545 581 1481 1445)
4(616 1516 1517 617)
4(581 617 1517 1481)
4(652 1552 1553 653)
4(617 653 1553 1517)
4(688 1588 1589 689)
4(653 689 1589 1553)
4(724 1624 1625 725)
4(689 725 1625 1589)
4(760 1660 1661 761)
4(725 761 1661 1625)
4(796 1696 1697 797)
4(761 797 1697 1661)
4(797 833 1733 1697)
4(5 905 906 6)
4(6 906 1770 870)
4(41 941 942 42)
4(6 42 942 906)
4(77 977 978 78)
4(42 78 978 942)
4(113 1013 1014 114)
4(78 114 1014 978)
4(149 1049 1050 150)
4(114 150 1050 1014)
4(185 1085 1086 186)
4(150 186 1086 1050)
4(221 1121 1122 222)
4(186 222 1122 1086)
4(257 1157 1158 258)
4(222 258 1158 1122)
4(293 1193 1194 294)
4(258 294 1194 1158)
4(329 1229 1230 330)
4(294 330 1230 1194)
4(365 1265 1266 366)
4(330 366 1266 1230)
4(401 1301 1302 402)
4(366 402 1302 1266)
4(437 1337 1338 438)
4(402 438 1338 1302)
4(473 1373 1374 474)
4(438 474 1374 1338)
4(509 1409 1410 510)
4(474 510 1410 1374)
4(545 1445 1446 546)
4(510 546 1446 1410)
4(581 1481 1482 582)
4(546 582 1482 1446)
4(617 1517 1518 618)
4(582 618 1518 1482)
4(653 1553 1554 654)
4(618 654 1554 1518)
4(689 1589 1590 690)
4(654 690 1590 1554)
4(725 1625 1626 726)
4(690 726 1626 1590)
4(761 1661 1662 762)
4(726 762 1662 1626)
4(797 1697 1698 798)
4(762 798 1698 1662)
4(798 834 1734 1698)
4(6 906 907 7)
4(7 907 1771 871)
4(42 942 943 43)
4(7 43 943 907)
4(78 978 979 79)
4(43 79 979 943)
4(114 1014 1015 115)
4(79 115 1015 979)
4(150 1050 1051 151)
4(115 151 1051 1015)
4(186 1086 1087 187)
4(151 187 1087 1051)
4(222 1122 1123 223)
4(187 223 1123 1087)
4(258 1158 1159 259)
4(223 259 1159 1123)
4(294 1194 1195 295)
4(259 295 1195 1159)
4(330 1230 1231 331)
4(295 331 1231 1195)
4(366 1266 1267 367)
4(331 367 1267 1231)
4(402 1302 1303 403)
4(367 403 1303 1267)
4(438 1338 1339 439)
4(403 439 1339 1303)
4(474 1374 1375 475)
4(439 475 1375 1339)
4(510 1410 1411 511)
4(475 511 1411 1375)
4(546 1446 1447 547)
4(511 547 1447 1411)
4(582 1482 1483 583)
4(547 583 1483 1447)
4(618 1518 1519 619)
4(583 619 1519 1483)
4(654 1554 1555 655)
4(619 655 1555 1519)
4(690 1590 1591 691)
4(655 691 1591 1555)
4(726 1626 1627 727)
4(691 727 1627 1591)
4(762 1662 1663 763)
4(727 763 1663 1627)
4(798 1698 1699 799)
4(763 799 1699 1663)
4(799 835 1735 1699)
4(7 907 908 8)
4(8 908 1772 872)
4(43 943 944 44)
4(8 44 944 908)
4(79 979 980 80)
4(44 80 980 944)
4(115 1015 1016 116)
4(80 116 1016 980)
4(151 1051 1052 152)
4(116 152 1052 1016)
4(187 1087 1088 188)
4(152 188 1088 1052)
4(223 1123 1124 224)
4(188 224 1124 1088)
4(259 1159 1160 260)
4(224 260 1160 1124)
4(295 1195 1196 296)
4(260 296 1196 1160)
4(331 1231 1232 332)
4(296 332 1232 1196)
4(367 1267 1268 368)
4(332 368 1268 1232)
4(403 1303 1304 404)
4(368 404 1304 1268)
4(439 1339 1340 440)
4(404 440 1340 1304)
4(475 1375 1376 476)
4(440 476 1376 1340)
4(511 1411 1412 512)
4(476 512 1412 1376)
4(547 1447 1448 548)
4(512 548 1448 1412)
4(583 1483 1484 584)
4(548 584 1484 1448)
4(619 1519 1520 620)
4(584 620 1520 1484)
4(655 1555 1556 656)
4(620 656 1556 1520)
4(691 1591 1592 692)
4(656 692 1592 1556)
4(727 1627 1628 728)
4(692 728 1628 1592)
4(763 1663 1664 764)
4(728 764 1664 1628)
4(799 1699 1700 800)
4(764 800 1700 1664)
4(800 836 1736 1700)
4(8 908 909 9)
4(9 909 1773 873)
4(44 944 945 45)
4(9 45 945 909)
4(80 980 981 81)
4(45 81 981 945)
4(116 1016 1017 117)
4(81 117 1017 981)
4(152 1052 1053 153)
4(117 153 1053 1017)
4(188 1088 1089 189)
4(153 189 1089 1053)
4(224 1124 1125 225)
4(189 225 1125 1089)
4(260 1160 1161 261)
4(225 261 1161 1125)
4(296 1196 1197 297)
4(261 297 1197 1161)
4(332 1232 1233 333)
4(297 333 1233 1197)
4(368 1268 1269 369)
4(333 369 1269 1233)
4(404 1304 1305 405)
4(369 405 1305 1269)
4(440 1340 1341 441)
4(405 441 1341 1305)
4(476 1376 1377 477)
4(441 477 1377 1341)
4(512 1412 1413 513)
4(477 513 1413 1377)
4(548 1448 1449 549)
4(513 549 1449 1413)
4(584 1484 1485 585)
4(549 585 1485 1449)
4(620 1520 1521 621)
4(585 621 1521 1485)
4(656 1556 1557 657)
4(621 657 1557 1521)
4(692 1592 1593 693)
4(657 693 1593 1557)
4(728 1628 1629 729)
4(693 729 1629 1593)
4(764 1664 1665 765)
4(729 765 1665 1629)
4(800 1700 1701 801)
4(765 801 1701 1665)
4(801 837 1737 1701)
4(9 909 910 10)
4(10 910 1774 874)
4(45 945 946 46)
4(10 46 946 910)
4(81 981 982 82)
4(46 82 982 946)
4(117 1017 1018 118)
4(82 118 1018 982)
4(153 1053 1054 154)
4(118 154 1054 1018)
4(189 1089 1090 190)
4(154 190 1090 1054)
4(225 1125 1126 226)
4(190 226 1126 1090)
4(261 1161 1162 262)
4(226 262 1162 1126)
4(297 1197 1198 298)
4(262 298 1198 1162)
4(333 1233 1234 334)
4(298 334 1234 1198)
4(369 1269 1270 370)
4(334 370 1270 1234)
4(405 1305 1306 406)
4(370 406 1306 1270)
4(441 1341 1342 442)
4(406 442 1342 1306)
4(477 1377 1378 478)
4(442 478 1378 1342)
4(513 1413 1414 514)
4(478 514 1414 1378)
4(549 1449 1450 550)
4(514 550 1450 1414)
4(585 1485 1486 586)
4(550 586 1486 1450)
4(621 1521 1522 622)
4(586 622 1522 1486)
4(657 1557 1558 658)
4(622 658 1558 1522)
4(693 1593 1594 694)
4(658 694 1594 1558)
4(729 1629 1630 730)
4(694 730 1630 1594)
4(765 1665 1666 766)
4(730 766 1666 1630)
4(801 1701 1702 802)
4(766 802 1702 1666)
4(802 838 1738 1702)
4(10 910 911 11)
4(11 911 1775 875)
4(46 946 947 47)
4(11 47 947 911)
4(82 982 983 83)
4(47 83 983 947)
4(118 1018 1019 119)
4(83 119 1019 983)
4(154 1054 1055 155)
4(119 155 1055 1019)
4(190 1090 1091 191)
4(155 191 1091 1055)
4(226 1126 1127 227)
4(191 227 1127 1091)
4(262 1162 1163 263)
4(227 263 1163 1127)
4(298 1198 1199 299)
4(263 299 1199 1163)
4(334 1234 1235 335)
4(299 335 1235 1199)
4(370 1270 1271 371)
4(335 371 1271 1235)
4(406 1306 1307 407)
4(371 407 1307 1271)
4(442 1342 1343 443)
4(407 443 1343 1307)
4(478 1378 1379 479)
4(443 479 1379 1343)
4(514 1414 1415 515)
4(479 515 1415 1379)
4(550 1450 1451 551)
4(515 551 1451 1415)
4(586 1486 1487 587)
4(551 587 1487 1451)
4(622 1522 1523 623)
4(587 623 1523 1487)
4(658 1558 1559 659)
4(623 659 1559 1523)
4(694 1594 1595 695)
4(659 695 1595 1559)
4(730 1630 1631 731)
4(695 731 1631 1595)
4(766 1666 1667 767)
4(731 767 1667 1631)
4(802 1702 1703 803)
4(767 803 1703 1667)
4(803 839 1739 1703)
4(11 911 912 12)
4(12 912 1776 876)
4(47 947 948 48)
4(12 48 948 912)
4(83 983 984 84)
4(48 84 984 948)
4(119 1019 1020 120)
4(84 120 1020 984)
4(155 1055 1056 156)
4(120 156 1056 1020)
4(191 1091 1092 192)
4(156 192 1092 1056)
4(227 1127 1128 228)
4(192 228 1128 1092)
4(263 1163 1164 264)
4(228 264 1164 1128)
4(299 1199 1200 300)
4(264 300 1200 1164)
4(335 1235 1236 336)
4(300 336 1236 1200)
4(371 1271 1272 372)
4(336 372 1272 1236)
4(407 1307 1308 408)
4(372 408 1308 1272)
4(443 1343 1344 444)
4(408 444 1344 1308)
4(479 1379 1380 480)
4(444 480 1380 1344)
4(515 1415 1416 516)
4(480 516 1416 1380)
4(551 1451 1452 552)
4(516 552 1452 1416)
4(587 1487 1488 588)
4(552 588 1488 1452)
4(623 1523 1524 624)
4(588 624 1524 1488)
4(659 1559 1560 660)
4(624 660 1560 1524)
4(695 1595 1596 696)
4(660 696 1596 1560)
4(731 1631 1632 732)
4(696 732 1632 1596)
4(767 1667 1668 768)
4(732 768 1668 1632)
4(803 1703 1704 804)
4(768 804 1704 1668)
4(804 840 1740 1704)
4(12 912 913 13)
4(13 913 1777 877)
4(48 948 949 49)
4(13 49 949 913)
4(84 984 985 85)
4(49 85 985 949)
4(120 1020 1021 121)
4(85 121 1021 985)
4(156 1056 1057 157)
4(121 157 1057 1021)
4(192 1092 1093 193)
4(157 193 1093 1057)
4(228 1128 1129 229)
4(193 229 1129 1093)
4(264 1164 1165 265)
4(229 265 1165 1129)
4(300 1200 1201 301)
4(265 301 1201 1165)
4(336 1236 1237 337)
4(301 337 1237 1201)
4(372 1272 1273 373)
4(337 373 1273 1237)
4(408 1308 1309 409)
4(373 409 1309 1273)
4(444 1344 1345 445)
4(409 445 1345 1309)
4(480 1380 1381 481)
4(445 481 1381 1345)
4(516 1416 1417 517)
4(481 517 1417 1381)
4(552 1452 1453 553)
4(517 553 1453 1417)
4(588 1488 1489 589)
4(553 589 1489 1453)
4(624 1524 1525 625)
4(589 625 1525 1489)
4(660 1560 1561 661)
4(625 661 1561 1525)
4(696 1596 1597 697)
4(661 697 1597 1561)
4(732 1632 1633 733)
4(697 733 1633 1597)
4(768 1668 1669 769)
4(733 769 1669 1633)
4(804 1704 1705 805)
4(769 805 1705 1669)
4(805 841 1741 1705)
4(13 913 914 14)
4(14 914 1778 878)
4(49 949 950 50)
4(14 50 950 914)
4(85 985 986 86)
4(50 86 986 950)
4(121 1021 1022 122)
4(86 122 1022 986)
4(157 1057 1058 158)
4(122 158 1058 1022)
4(193 1093 1094 194)
4(158 194 1094 1058)
4(229 1129 1130 230)
4(194 230 1130 1094)
4(265 1165 1166 266)
4(230 266 1166 1130)
4(301 1201 1202 302)
4(266 302 1202 1166)
4(337 1237 1238 338)
4(302 338 1238 1202)
4(373 1273 1274 374)
4(338 374 1274 1238)
4(409 1309 1310 410)
4(374 410 1310 1274)
4(445 1345 1346 446)
4(410 446 1346 1310)
4(481 1381 1382 482)
4(446 482 1382 1346)
4(517 1417 1418 518)
4(482 518 1418 1382)
4(553 1453 1454 554)
4(518 554 1454 1418)
4(589 1489 1490 590)
4(554 590 1490 1454)
4(625 1525 1526 626)
4(590 626 1526 1490)
4(661 1561 1562 662)
4(626 662 1562 1526)
4(697 1597 1598 698)
4(662 698 1598 1562)
4(733 1633 1634 734)
4(698 734 1634 1598)
4(769 1669 1670 770)
4(734 770 1670 1634)
4(805 1705 1706 806)
4(770 806 1706 1670)
4(806 842 1742 1706)
4(14 914 915 15)
4(15 915 1779 879)
4(50 950 951 51)
4(15 51 951 915)
4(86 986 987 87)
4(51 87 987 951)
4(122 1022 1023 123)
4(87 123 1023 987)
4(158 1058 1059 159)
4(123 159 1059 1023)
4(194 1094 1095 195)
4(159 195 1095 1059)
4(230 1130 1131 231)
4(195 231 1131 1095)
4(266 1166 1167 267)
4(231 267 1167 1131)
4(302 1202 1203 303)
4(267 303 1203 1167)
4(338 1238 1239 339)
4(303 339 1239 1203)
4(374 1274 1275 375)
4(339 375 1275 1239)
4(410 1310 1311 411)
4(375 411 1311 1275)
4(446 1346 1347 447)
4(411 447 1347 1311)
4(482 1382 1383 483)
4(447 483 1383 1347)
4(518 1418 1419 519)
4(483 519 1419 1383)
4(554 1454 1455 555)
4(519 555 1455 1419)
4(590 1490 1491 591)
4(555 591 1491 1455)
4(626 1526 1527 627)
4(591 627 1527 1491)
4(662 1562 1563 663)
4(627 663 1563 1527)
4(698 1598 1599 699)
4(663 699 1599 1563)
4(734 1634 1635 735)
4(699 735 1635 1599)
4(770 1670 1671 771)
4(735 771 1671 1635)
4(806 1706 1707 807)
4(771 807 1707 1671)
4(807 843 1743 1707)
4(15 915 916 16)
4(16 916 1780 880)
4(51 951 952 52)
4(16 52 952 916)
4(87 987 988 88)
4(52 88 988 952)
4(123 1023 1024 124)
4(88 124 1024 988)
4(159 1059 1060 160)
4(124 160 1060 1024)
4(195 1095 1096 196)
4(160 196 1096 1060)
4(231 1131 1132 232)
4(196 232 1132 1096)
4(267 1167 1168 268)
4(232 268 1168 1132)
4(303 1203 1204 304)
4(268 304 1204 1168)
4(339 1239 1240 340)
4(304 340 1240 1204)
4(375 1275 1276 376)
4(340 376 1276 1240)
4(411 1311 1312 412)
4(376 412 1312 1276)
4(447 1347 1348 448)
4(412 448 1348 1312)
4(483 1383 1384 484)
4(448 484 1384 1348)
4(519 1419 1420 520)
4(484 520 1420 1384)
4(555 1455 1456 556)
4(520 556 1456 1420)
4(591 1491 1492 592)
4(556 592 1492 1456)
4(627 1527 1528 628)
4(592 628 1528 1492)
4(663 1563 1564 664)
4(628 664 1564 1528)
4(699 1599 1600 700)
4(664 700 1600 1564)
4(735 1635 1636 736)
4(700 736 1636 1600)
4(771 1671 1672 772)
4(736 772 1672 1636)
4(807 1707 1708 808)
4(772 808 1708 1672)
4(808 844 1744 1708)
4(16 916 917 17)
4(17 917 1781 881)
4(52 952 953 53)
4(17 53 953 917)
4(88 988 989 89)
4(53 89 989 953)
4(124 1024 1025 125)
4(89 125 1025 989)
4(160 1060 1061 161)
4(125 161 1061 1025)
4(196 1096 1097 197)
4(161 197 1097 1061)
4(232 1132 1133 233)
4(197 233 1133 1097)
4(268 1168 1169 269)
4(233 269 1169 1133)
4(304 1204 1205 305)
4(269 305 1205 1169)
4(340 1240 1241 341)
4(305 341 1241 1205)
4(376 1276 1277 377)
4(341 377 1277 1241)
4(412 1312 1313 413)
4(377 413 1313 1277)
4(448 1348 1349 449)
4(413 449 1349 1313)
4(484 1384 1385 485)
4(449 485 1385 1349)
4(520 1420 1421 521)
4(485 521 1421 1385)
4(556 1456 1457 557)
4(521 557 1457 1421)
4(592 1492 1493 593)
4(557 593 1493 1457)
4(628 1528 1529 629)
4(593 629 1529 1493)
4(664 1564 1565 665)
4(629 665 1565 1529)
4(700 1600 1601 701)
4(665 701 1601 1565)
4(736 1636 1637 737)
4(701 737 1637 1601)
4(772 1672 1673 773)
4(737 773 1673 1637)
4(808 1708 1709 809)
4(773 809 1709 1673)
4(809 845 1745 1709)
4(17 917 918 18)
4(18 918 1782 882)
4(53 953 954 54)
4(18 54 954 918)
4(89 989 990 90)
4(54 90 990 954)
4(125 1025 1026 126)
4(90 126 1026 990)
4(161 1061 1062 162)
4(126 162 1062 1026)
4(197 1097 1098 198)
4(162 198 1098 1062)
4(233 1133 1134 234)
4(198 234 1134 1098)
4(269 1169 1170 270)
4(234 270 1170 1134)
4(305 1205 1206 306)
4(270 306 1206 1170)
4(341 1241 1242 342)
4(306 342 1242 1206)
4(377 1277 1278 378)
4(342 378 1278 1242)
4(413 1313 1314 414)
4(378 414 1314 1278)
4(449 1349 1350 450)
4(414 450 1350 1314)
4(485 1385 1386 486)
4(450 486 1386 1350)
4(521 1421 1422 522)
4(486 522 1422 1386)
4(557 1457 1458 558)
4(522 558 1458 1422)
4(593 1493 1494 594)
4(558 594 1494 1458)
4(629 1529 1530 630)
4(594 630 1530 1494)
4(665 1565 1566 666)
4(630 666 1566 1530)
4(701 1601 1602 702)
4(666 702 1602 1566)
4(737 1637 1638 738)
4(702 738 1638 1602)
4(773 1673 1674 774)
4(738 774 1674 1638)
4(809 1709 1710 810)
4(774 810 1710 1674)
4(810 846 1746 1710)
4(18 918 919 19)
4(19 919 1783 883)
4(54 954 955 55)
4(19 55 955 919)
4(90 990 991 91)
4(55 91 991 955)
4(126 1026 1027 127)
4(91 127 1027 991)
4(162 1062 1063 163)
4(127 163 1063 1027)
4(198 1098 1099 199)
4(163 199 1099 1063)
4(234 1134 1135 235)
4(199 235 1135 1099)
4(270 1170 1171 271)
4(235 271 1171 1135)
4(306 1206 1207 307)
4(271 307 1207 1171)
4(342 1242 1243 343)
4(307 343 1243 1207)
4(378 1278 1279 379)
4(343 379 1279 1243)
4(414 1314 1315 415)
4(379 415 1315 1279)
4(450 1350 1351 451)
4(415 451 1351 1315)
4(486 1386 1387 487)
4(451 487 1387 1351)
4(522 1422 1423 523)
4(487 523 1423 1387)
4(558 1458 1459 559)
4(523 559 1459 1423)
4(594 1494 1495 595)
4(559 595 1495 1459)
4(630 1530 1531 631)
4(595 631 1531 1495)
4(666 1566 1567 667)
4(631 667 1567 1531)
4(702 1602 1603 703)
4(667 703 1603 1567)
4(738 1638 1639 739)
4(703 739 1639 1603)
4(774 1674 1675 775)
4(739 775 1675 1639)
4(810 1710 1711 811)
4(775 811 1711 1675)
4(811 847 1747 1711)
4(19 919 920 20)
4(20 920 1784 884)
4(55 955 956 56)
4(20 56 956 920)
4(91 991 992 92)
4(56 92 992 956)
4(127 1027 1028 128)
4(92 128 1028 992)
4(163 1063 1064 164)
4(128 164 1064 1028)
4(199 1099 1100 200)
4(164 200 1100 1064)
4(235 1135 1136 236)
4(200 236 1136 1100)
4(271 1171 1172 272)
4(236 272 1172 1136)
4(307 1207 1208 308)
4(272 308 1208 1172)
4(343 1243 1244 344)
4(308 344 1244 1208)
4(379 1279 1280 380)
4(344 380 1280 1244)
4(415 1315 1316 416)
4(380 416 1316 1280)
4(451 1351 1352 452)
4(416 452 1352 1316)
4(487 1387 1388 488)
4(452 488 1388 1352)
4(523 1423 1424 524)
4(488 524 1424 1388)
4(559 1459 1460 560)
4(524 560 1460 1424)
4(595 1495 1496 596)
4(560 596 1496 1460)
4(631 1531 1532 632)
4(596 632 1532 1496)
4(667 1567 1568 668)
4(632 668 1568 1532)
4(703 1603 1604 704)
4(668 704 1604 1568)
4(739 1639 1640 740)
4(704 740 1640 1604)
4(775 1675 1676 776)
4(740 776 1676 1640)
4(811 1711 1712 812)
4(776 812 1712 1676)
4(812 848 1748 1712)
4(20 920 921 21)
4(21 921 1785 885)
4(56 956 957 57)
4(21 57 957 921)
4(92 992 993 93)
4(57 93 993 957)
4(128 1028 1029 129)
4(93 129 1029 993)
4(164 1064 1065 165)
4(129 165 1065 1029)
4(200 1100 1101 201)
4(165 201 1101 1065)
4(236 1136 1137 237)
4(201 237 1137 1101)
4(272 1172 1173 273)
4(237 273 1173 1137)
4(308 1208 1209 309)
4(273 309 1209 1173)
4(344 1244 1245 345)
4(309 345 1245 1209)
4(380 1280 1281 381)
4(345 381 1281 1245)
4(416 1316 1317 417)
4(381 417 1317 1281)
4(452 1352 1353 453)
4(417 453 1353 1317)
4(488 1388 1389 489)
4(453 489 1389 1353)
4(524 1424 1425 525)
4(489 525 1425 1389)
4(560 1460 1461 561)
4(525 561 1461 1425)
4(596 1496 1497 597)
4(561 597 1497 1461)
4(632 1532 1533 633)
4(597 633 1533 1497)
4(668 1568 1569 669)
4(633 669 1569 1533)
4(704 1604 1605 705)
4(669 705 1605 1569)
4(740 1640 1641 741)
4(705 741 1641 1605)
4(776 1676 1677 777)
4(741 777 1677 1641)
4(812 1712 1713 813)
4(777 813 1713 1677)
4(813 849 1749 1713)
4(21 921 922 22)
4(22 922 1786 886)
4(57 957 958 58)
4(22 58 958 922)
4(93 993 994 94)
4(58 94 994 958)
4(129 1029 1030 130)
4(94 130 1030 994)
4(165 1065 1066 166)
4(130 166 1066 1030)
4(201 1101 1102 202)
4(166 202 1102 1066)
4(237 1137 1138 238)
4(202 238 1138 1102)
4(273 1173 1174 274)
4(238 274 1174 1138)
4(309 1209 1210 310)
4(274 310 1210 1174)
4(345 1245 1246 346)
4(310 346 1246 1210)
4(381 1281 1282 382)
4(346 382 1282 1246)
4(417 1317 1318 418)
4(382 418 1318 1282)
4(453 1353 1354 454)
4(418 454 1354 1318)
4(489 1389 1390 490)
4(454 490 1390 1354)
4(525 1425 1426 526)
4(490 526 1426 1390)
4(561 1461 1462 562)
4(526 562 1462 1426)
4(597 1497 1498 598)
4(562 598 1498 1462)
4(633 1533 1534 634)
4(598 634 1534 1498)
4(669 1569 1570 670)
4(634 670 1570 1534)
4(705 1605 1606 706)
4(670 706 1606 1570)
4(741 1641 1642 742)
4(706 742 1642 1606)
4(777 1677 1678 778)
4(742 778 1678 1642)
4(813 1713 1714 814)
4(778 814 1714 1678)
4(814 850 1750 1714)
4(22 922 923 23)
4(23 923 1787 887)
4(58 958 959 59)
4(23 59 959 923)
4(94 994 995 95)
4(59 95 995 959)
4(130 1030 1031 131)
4(95 131 1031 995)
4(166 1066 1067 167)
4(131 167 1067 1031)
4(202 1102 1103 203)
4(167 203 1103 1067)
4(238 1138 1139 239)
4(203 239 1139 1103)
4(274 1174 1175 275)
4(239 275 1175 1139)
4(310 1210 1211 311)
4(275 311 1211 1175)
4(346 1246 1247 347)
4(311 347 1247 1211)
4(382 1282 1283 383)
4(347 383 1283 1247)
4(418 1318 1319 419)
4(383 419 1319 1283)
4(454 1354 1355 455)
4(419 455 1355 1319)
4(490 1390 1391 491)
4(455 491 1391 1355)
4(526 1426 1427 527)
4(491 527 1427 1391)
4(562 1462 1463 563)
4(527 563 1463 1427)
4(598 1498 1499 599)
4(563 599 1499 1463)
4(634 1534 1535 635)
4(599 635 1535 1499)
4(670 1570 1571 671)
4(635 671 1571 1535)
4(706 1606 1607 707)
4(671 707 1607 1571)
4(742 1642 1643 743)
4(707 743 1643 1607)
4(778 1678 1679 779)
4(743 779 1679 1643)
4(814 1714 1715 815)
4(779 815 1715 1679)
4(815 851 1751 1715)
4(23 923 924 24)
4(24 924 1788 888)
4(59 959 960 60)
4(24 60 960 924)
4(95 995 996 96)
4(60 96 996 960)
4(131 1031 1032 132)
4(96 132 1032 996)
4(167 1067 1068 168)
4(132 168 1068 1032)
4(203 1103 1104 204)
4(168 204 1104 1068)
4(239 1139 1140 240)
4(204 240 1140 1104)
4(275 1175 1176 276)
4(240 276 1176 1140)
4(311 1211 1212 312)
4(276 312 1212 1176)
4(347 1247 1248 348)
4(312 348 1248 1212)
4(383 1283 1284 384)
4(348 384 1284 1248)
4(419 1319 1320 420)
4(384 420 1320 1284)
4(455 1355 1356 456)
4(420 456 1356 1320)
4(491 1391 1392 492)
4(456 492 1392 1356)
4(527 1427 1428 528)
4(492 528 1428 1392)
4(563 1463 1464 564)
4(528 564 1464 1428)
4(599 1499 1500 600)
4(564 600 1500 1464)
4(635 1535 1536 636)
4(600 636 1536 1500)
4(671 1571 1572 672)
4(636 672 1572 1536)
4(707 1607 1608 708)
4(672 708 1608 1572)
4(743 1643 1644 744)
4(708 744 1644 1608)
4(779 1679 1680 780)
4(744 780 1680 1644)
4(815 1715 1716 816)
4(780 816 1716 1680)
4(816 852 1752 1716)
4(24 924 925 25)
4(25 925 1789 889)
4(60 960 961 61)
4(25 61 961 925)
4(96 996 997 97)
4(61 97 997 961)
4(132 1032 1033 133)
4(97 133 1033 997)
4(168 1068 1069 169)
4(133 169 1069 1033)
4(204 1104 1105 205)
4(169 205 1105 1069)
4(240 1140 1141 241)
4(205 241 1141 1105)
4(276 1176 1177 277)
4(241 277 1177 1141)
4(312 1212 1213 313)
4(277 313 1213 1177)
4(348 1248 1249 349)
4(313 349 1249 1213)
4(384 1284 1285 385)
4(349 385 1285 1249)
4(420 1320 1321 421)
4(385 421 1321 1285)
4(456 1356 1357 457)
4(421 457 1357 1321)
4(492 1392 1393 493)
4(457 493 1393 1357)
4(528 1428 1429 529)
4(493 529 1429 1393)
4(564 1464 1465 565)
4(529 565 1465 1429)
4(600 1500 1501 601)
4(565 601 1501 1465)
4(636 1536 1537 637)
4(601 637 1537 1501)
4(672 1572 1573 673)
4(637 673 1573 1537)
4(708 1608 1609 709)
4(673 709 1609 1573)
4(744 1644 1645 745)
4(709 745 1645 1609)
4(780 1680 1681 781)
4(745 781 1681 1645)
4(816 1716 1717 817)
4(781 817 1717 1681)
4(817 853 1753 1717)
4(25 925 926 26)
4(26 926 1790 890)
4(61 961 962 62)
4(26 62 962 926)
4(97 997 998 98)
4(62 98 998 962)
4(133 1033 1034 134)
4(98 134 1034 998)
4(169 1069 1070 170)
4(134 170 1070 1034)
4(205 1105 1106 206)
4(170 206 1106 1070)
4(241 1141 1142 242)
4(206 242 1142 1106)
4(277 1177 1178 278)
4(242 278 1178 1142)
4(313 1213 1214 314)
4(278 314 1214 1178)
4(349 1249 1250 350)
4(314 350 1250 1214)
4(385 1285 1286 386)
4(350 386 1286 1250)
4(421 1321 1322 422)
4(386 422 1322 1286)
4(457 1357 1358 458)
4(422 458 1358 1322)
4(493 1393 1394 494)
4(458 494 1394 1358)
4(529 1429 1430 530)
4(494 530 1430 1394)
4(565 1465 1466 566)
4(530 566 1466 1430)
4(601 1501 1502 602)
4(566 602 1502 1466)
4(637 1537 1538 638)
4(602 638 1538 1502)
4(673 1573 1574 674)
4(638 674 1574 1538)
4(709 1609 1610 710)
4(674 710 1610 1574)
4(745 1645 1646 746)
4(710 746 1646 1610)
4(781 1681 1682 782)
4(746 782 1682 1646)
4(817 1717 1718 818)
4(782 818 1718 1682)
4(818 854 1754 1718)
4(26 926 927 27)
4(27 927 1791 891)
4(62 962 963 63)
4(27 63 963 927)
4(98 998 999 99)
4(63 99 999 963)
4(134 1034 1035 135)
4(99 135 1035 999)
4(170 1070 1071 171)
4(135 171 1071 1035)
4(206 1106 1107 207)
4(171 207 1107 1071)
4(242 1142 1143 243)
4(207 243 1143 1107)
4(278 1178 1179 279)
4(243 279 1179 1143)
4(314 1214 1215 315)
4(279 315 1215 1179)
4(350 1250 1251 351)
4(315 351 1251 1215)
4(386 1286 1287 387)
4(351 387 1287 1251)
4(422 1322 1323 423)
4(387 423 1323 1287)
4(458 1358 1359 459)
4(423 459 1359 1323)
4(494 1394 1395 495)
4(459 495 1395 1359)
4(530 1430 1431 531)
4(495 531 1431 1395)
4(566 1466 1467 567)
4(531 567 1467 1431)
4(602 1502 1503 603)
4(567 603 1503 1467)
4(638 1538 1539 639)
4(603 639 1539 1503)
4(674 1574 1575 675)
4(639 675 1575 1539)
4(710 1610 1611 711)
4(675 711 1611 1575)
4(746 1646 1647 747)
4(711 747 1647 1611)
4(782 1682 1683 783)
4(747 783 1683 1647)
4(818 1718 1719 819)
4(783 819 1719 1683)
4(819 855 1755 1719)
4(27 927 928 28)
4(28 928 1792 892)
4(63 963 964 64)
4(28 64 964 928)
4(99 999 1000 100)
4(64 100 1000 964)
4(135 1035 1036 136)
4(100 136 1036 1000)
4(171 1071 1072 172)
4(136 172 1072 1036)
4(207 1107 1108 208)
4(172 208 1108 1072)
4(243 1143 1144 244)
4(208 244 1144 1108)
4(279 1179 1180 280)
4(244 280 1180 1144)
4(315 1215 1216 316)
4(280 316 1216 1180)
4(351 1251 1252 352)
4(316 352 1252 1216)
4(387 1287 1288 388)
4(352 388 1288 1252)
4(423 1323 1324 424)
4(388 424 1324 1288)
4(459 1359 1360 460)
4(424 460 1360 1324)
4(495 1395 1396 496)
4(460 496 1396 1360)
4(531 1431 1432 532)
4(496 532 1432 1396)
4(567 1467 1468 568)
4(532 568 1468 1432)
4(603 1503 1504 604)
4(568 604 1504 1468)
4(639 1539 1540 640)
4(604 640 1540 1504)
4(675 1575 1576 676)
4(640 676 1576 1540)
4(711 1611 1612 712)
4(676 712 1612 1576)
4(747 1647 1648 748)
4(712 748 1648 1612)
4(783 1683 1684 784)
4(748 784 1684 1648)
4(819 1719 1720 820)
4(784 820 1720 1684)
4(820 856 1756 1720)
4(28 928 929 29)
4(29 929 1793 893)
4(64 964 965 65)
4(29 65 965 929)
4(100 1000 1001 101)
4(65 101 1001 965)
4(136 1036 1037 137)
4(101 137 1037 1001)
4(172 1072 1073 173)
4(137 173 1073 1037)
4(208 1108 1109 209)
4(173 209 1109 1073)
4(244 1144 1145 245)
4(209 245 1145 1109)
4(280 1180 1181 281)
4(245 281 1181 1145)
4(316 1216 1217 317)
4(281 317 1217 1181)
4(352 1252 1253 353)
4(317 353 1253 1217)
4(388 1288 1289 389)
4(353 389 1289 1253)
4(424 1324 1325 425)
4(389 425 1325 1289)
4(460 1360 1361 461)
4(425 461 1361 1325)
4(496 1396 1397 497)
4(461 497 1397 1361)
4(532 1432 1433 533)
4(497 533 1433 1397)
4(568 1468 1469 569)
4(533 569 1469 1433)
4(604 1504 1505 605)
4(569 605 1505 1469)
4(640 1540 1541 641)
4(605 641 1541 1505)
4(676 1576 1577 677)
4(641 677 1577 1541)
4(712 1612 1613 713)
4(677 713 1613 1577)
4(748 1648 1649 749)
4(713 749 1649 1613)
4(784 1684 1685 785)
4(749 785 1685 1649)
4(820 1720 1721 821)
4(785 821 1721 1685)
4(821 857 1757 1721)
4(29 929 930 30)
4(30 930 1794 894)
4(65 965 966 66)
4(30 66 966 930)
4(101 1001 1002 102)
4(66 102 1002 966)
4(137 1037 1038 138)
4(102 138 1038 1002)
4(173 1073 1074 174)
4(138 174 1074 1038)
4(209 1109 1110 210)
4(174 210 1110 1074)
4(245 1145 1146 246)
4(210 246 1146 1110)
4(281 1181 1182 282)
4(246 282 1182 1146)
4(317 1217 1218 318)
4(282 318 1218 1182)
4(353 1253 1254 354)
4(318 354 1254 1218)
4(389 1289 1290 390)
4(354 390 1290 1254)
4(425 1325 1326 426)
4(390 426 1326 1290)
4(461 1361 1362 462)
4(426 462 1362 1326)
4(497 1397 1398 498)
4(462 498 1398 1362)
4(533 1433 1434 534)
4(498 534 1434 1398)
4(569 1469 1470 570)
4(534 570 1470 1434)
4(605 1505 1506 606)
4(570 606 1506 1470)
4(641 1541 1542 642)
4(606 642 1542 1506)
4(677 1577 1578 678)
4(642 678 1578 1542)
4(713 1613 1614 714)
4(678 714 1614 1578)
4(749 1649 1650 750)
4(714 750 1650 1614)
4(785 1685 1686 786)
4(750 786 1686 1650)
4(821 1721 1722 822)
4(786 822 1722 1686)
4(822 858 1758 1722)
4(30 930 931 31)
4(31 931 1795 895)
4(66 966 967 67)
4(31 67 967 931)
4(102 1002 1003 103)
4(67 103 1003 967)
4(138 1038 1039 139)
4(103 139 1039 1003)
4(174 1074 1075 175)
4(139 175 1075 1039)
4(210 1110 1111 211)
4(175 211 1111 1075)
4(246 1146 1147 247)
4(211 247 1147 1111)
4(282 1182 1183 283)
4(247 283 1183 1147)
4(318 1218 1219 319)
4(283 319 1219 1183)
4(354 1254 1255 355)
4(319 355 1255 1219)
4(390 1290 1291 391)
4(355 391 1291 1255)
4(426 1326 1327 427)
4(391 427 1327 1291)
4(462 1362 1363 463)
4(427 463 1363 1327)
4(498 1398 1399 499)
4(463 499 1399 1363)
4(534 1434 1435 535)
4(499 535 1435 1399)
4(570 1470 1471 571)
4(535 571 1471 1435)
4(606 1506 1507 607)
4(571 607 1507 1471)
4(642 1542 1543 643)
4(607 643 1543 1507)
4(678 1578 1579 679)
4(643 679 1579 1543)
4(714 1614 1615 715)
4(679 715 1615 1579)
4(750 1650 1651 751)
4(715 751 1651 1615)
4(786 1686 1687 787)
4(751 787 1687 1651)
4(822 1722 1723 823)
4(787 823 1723 1687)
4(823 859 1759 1723)
4(31 931 932 32)
4(32 932 1796 896)
4(67 967 968 68)
4(32 68 968 932)
4(103 1003 1004 104)
4(68 104 1004 968)
4(139 1039 1040 140)
4(104 140 1040 1004)
4(175 1075 1076 176)
4(140 176 1076 1040)
4(211 1111 1112 212)
4(176 212 1112 1076)
4(247 1147 1148 248)
4(212 248 1148 1112)
4(283 1183 1184 284)
4(248 284 1184 1148)
4(319 1219 1220 320)
4(284 320 1220 1184)
4(355 1255 1256 356)
4(320 356 1256 1220)
4(391 1291 1292 392)
4(356 392 1292 1256)
4(427 1327 1328 428)
4(392 428 1328 1292)
4(463 1363 1364 464)
4(428 464 1364 1328)
4(499 1399 1400 500)
4(464 500 1400 1364)
4(535 1435 1436 536)
4(500 536 1436 1400)
4(571 1471 1472 572)
4(536 572 1472 1436)
4(607 1507 1508 608)
4(572 608 1508 1472)
4(643 1543 1544 644)
4(608 644 1544 1508)
4(679 1579 1580 680)
4(644 680 1580 1544)
4(715 1615 1616 716)
4(680 716 1616 1580)
4(751 1651 1652 752)
4(716 752 1652 1616)
4(787 1687 1688 788)
4(752 788 1688 1652)
4(823 1723 1724 824)
4(788 824 1724 1688)
4(824 860 1760 1724)
4(32 932 933 33)
4(33 933 1797 897)
4(68 968 969 69)
4(33 69 969 933)
4(104 1004 1005 105)
4(69 105 1005 969)
4(140 1040 1041 141)
4(105 141 1041 1005)
4(176 1076 1077 177)
4(141 177 1077 1041)
4(212 1112 1113 213)
4(177 213 1113 1077)
4(248 1148 1149 249)
4(213 249 1149 1113)
4(284 1184 1185 285)
4(249 285 1185 1149)
4(320 1220 1221 321)
4(285 321 1221 1185)
4(356 1256 1257 357)
4(321 357 1257 1221)
4(392 1292 1293 393)
4(357 393 1293 1257)
4(428 1328 1329 429)
4(393 429 1329 1293)
4(464 1364 1365 465)
4(429 465 1365 1329)
4(500 1400 1401 501)
4(465 501 1401 1365)
4(536 1436 1437 537)
4(501 537 1437 1401)
4(572 1472 1473 573)
4(537 573 1473 1437)
4(608 1508 1509 609)
4(573 609 1509 1473)
4(644 1544 1545 645)
4(609 645 1545 1509)
4(680 1580 1581 681)
4(645 681 1581 1545)
4(716 1616 1617 717)
4(681 717 1617 1581)
4(752 1652 1653 753)
4(717 753 1653 1617)
4(788 1688 1689 789)
4(753 789 1689 1653)
4(824 1724 1725 825)
4(789 825 1725 1689)
4(825 861 1761 1725)
4(33 933 934 34)
4(34 934 1798 898)
4(69 969 970 70)
4(34 70 970 934)
4(105 1005 1006 106)
4(70 106 1006 970)
4(141 1041 1042 142)
4(106 142 1042 1006)
4(177 1077 1078 178)
4(142 178 1078 1042)
4(213 1113 1114 214)
4(178 214 1114 1078)
4(249 1149 1150 250)
4(214 250 1150 1114)
4(285 1185 1186 286)
4(250 286 1186 1150)
4(321 1221 1222 322)
4(286 322 1222 1186)
4(357 1257 1258 358)
4(322 358 1258 1222)
4(393 1293 1294 394)
4(358 394 1294 1258)
4(429 1329 1330 430)
4(394 430 1330 1294)
4(465 1365 1366 466)
4(430 466 1366 1330)
4(501 1401 1402 502)
4(466 502 1402 1366)
4(537 1437 1438 538)
4(502 538 1438 1402)
4(573 1473 1474 574)
4(538 574 1474 1438)
4(609 1509 1510 610)
4(574 610 1510 1474)
4(645 1545 1546 646)
4(610 646 1546 1510)
4(681 1581 1582 682)
4(646 682 1582 1546)
4(717 1617 1618 718)
4(682 718 1618 1582)
4(753 1653 1654 754)
4(718 754 1654 1618)
4(789 1689 1690 790)
4(754 790 1690 1654)
4(825 1725 1726 826)
4(790 826 1726 1690)
4(826 862 1762 1726)
4(34 934 935 35)
4(35 935 1799 899)
4(70 970 971 71)
4(35 71 971 935)
4(106 1006 1007 107)
4(71 107 1007 971)
4(142 1042 1043 143)
4(107 143 1043 1007)
4(178 1078 1079 179)
4(143 179 1079 1043)
4(214 1114 1115 215)
4(179 215 1115 1079)
4(250 1150 1151 251)
4(215 251 1151 1115)
4(286 1186 1187 287)
4(251 287 1187 1151)
4(322 1222 1223 323)
4(287 323 1223 1187)
4(358 1258 1259 359)
4(323 359 1259 1223)
4(394 1294 1295 395)
4(359 395 1295 1259)
4(430 1330 1331 431)
4(395 431 1331 1295)
4(466 1366 1367 467)
4(431 467 1367 1331)
4(502 1402 1403 503)
4(467 503 1403 1367)
4(538 1438 1439 539)
4(503 539 1439 1403)
4(574 1474 1475 575)
4(539 575 1475 1439)
4(610 1510 1511 611)
4(575 611 1511 1475)
4(646 1546 1547 647)
4(611 647 1547 1511)
4(682 1582 1583 683)
4(647 683 1583 1547)
4(718 1618 1619 719)
4(683 719 1619 1583)
4(754 1654 1655 755)
4(719 755 1655 1619)
4(790 1690 1691 791)
4(755 791 1691 1655)
4(826 1726 1727 827)
4(791 827 1727 1691)
4(827 863 1763 1727)
3(35 935 1800)
3(71 971 1801)
3(107 1007 1802)
3(143 1043 1803)
3(179 1079 1804)
3(215 1115 1805)
3(251 1151 1807)
3(287 1187 1809)
3(323 1223 1811)
3(359 1259 1813)
3(395 1295 1815)
3(431 1331 1817)
3(467 1367 1819)
3(503 1403 1821)
3(539 1439 1823)
3(575 1475 1825)
3(611 1511 1827)
3(647 1547 1829)
3(683 1583 1831)
3(719 1619 1833)
3(755 1655 1835)
3(791 1691 1837)
3(827 1727 1839)
3(864 1764 1848)
4(864 865 1765 1764)
4(865 866 1766 1765)
4(866 867 1767 1766)
4(867 868 1768 1767)
4(868 869 1769 1768)
4(869 870 1770 1769)
4(870 871 1771 1770)
4(871 872 1772 1771)
4(872 873 1773 1772)
4(873 874 1774 1773)
4(874 875 1775 1774)
4(875 876 1776 1775)
4(876 877 1777 1776)
4(877 878 1778 1777)
4(878 879 1779 1778)
4(879 880 1780 1779)
4(880 881 1781 1780)
4(881 882 1782 1781)
4(882 883 1783 1782)
4(883 884 1784 1783)
4(884 885 1785 1784)
4(885 886 1786 1785)
4(886 887 1787 1786)
4(887 888 1788 1787)
4(888 889 1789 1788)
4(889 890 1790 1789)
4(890 891 1791 1790)
4(891 892 1792 1791)
4(892 893 1793 1792)
4(893 894 1794 1793)
4(894 895 1795 1794)
4(895 896 1796 1795)
4(896 897 1797 1796)
4(897 898 1798 1797)
4(898 899 1799 1798)
3(899 1846 1799)
3(1849 1728 828)
4(828 1728 1729 829)
4(829 1729 1730 830)
4(830 1730 1731 831)
4(831 1731 1732 832)
4(832 1732 1733 833)
4(833 1733 1734 834)
4(834 1734 1735 835)
4(835 1735 1736 836)
4(836 1736 1737 837)
4(837 1737 1738 838)
4(838 1738 1739 839)
4(839 1739 1740 840)
4(840 1740 1741 841)
4(841 1741 1742 842)
4(842 1742 1743 843)
4(843 1743 1744 844)
4(844 1744 1745 845)
4(845 1745 1746 846)
4(846 1746 1747 847)
4(847 1747 1748 848)
4(848 1748 1749 849)
4(849 1749 1750 850)
4(850 1750 1751 851)
4(851 1751 1752 852)
4(852 1752 1753 853)
4(853 1753 1754 854)
4(854 1754 1755 855)
4(855 1755 1756 856)
4(856 1756 1757 857)
4(857 1757 1758 858)
4(858 1758 1759 859)
4(859 1759 1760 860)
4(860 1760 1761 861)
4(861 1761 1762 862)
4(862 1762 1763 863)
3(863 1763 1847)
4(0 864 1848 1806)
4(1806 1808 36 0)
4(1808 1810 72 36)
4(1810 1812 108 72)
4(1812 1814 144 108)
4(1814 1816 180 144)
4(1816 1818 216 180)
4(1818 1820 252 216)
4(1820 1822 288 252)
4(1822 1824 324 288)
4(1824 1826 360 324)
4(1826 1828 396 360)
4(1828 1830 432 396)
4(1830 1832 468 432)
4(1832 1834 504 468)
4(1834 1836 540 504)
4(1836 1838 576 540)
4(1838 1840 612 576)
4(1840 1841 648 612)
4(1841 1842 684 648)
4(1842 1843 720 684)
4(1843 1844 756 720)
4(1844 1845 792 756)
4(1845 1849 828 792)
4(0 1 865 864)
4(0 36 37 1)
4(36 72 73 37)
4(72 108 109 73)
4(108 144 145 109)
4(144 180 181 145)
4(180 216 217 181)
4(216 252 253 217)
4(252 288 289 253)
4(288 324 325 289)
4(324 360 361 325)
4(360 396 397 361)
4(396 432 433 397)
4(432 468 469 433)
4(468 504 505 469)
4(504 540 541 505)
4(540 576 577 541)
4(576 612 613 577)
4(612 648 649 613)
4(648 684 685 649)
4(684 720 721 685)
4(720 756 757 721)
4(756 792 793 757)
4(792 828 829 793)
4(1 2 866 865)
4(1 37 38 2)
4(37 73 74 38)
4(73 109 110 74)
4(109 145 146 110)
4(145 181 182 146)
4(181 217 218 182)
4(217 253 254 218)
4(253 289 290 254)
4(289 325 326 290)
4(325 361 362 326)
4(361 397 398 362)
4(397 433 434 398)
4(433 469 470 434)
4(469 505 506 470)
4(505 541 542 506)
4(541 577 578 542)
4(577 613 614 578)
4(613 649 650 614)
4(649 685 686 650)
4(685 721 722 686)
4(721 757 758 722)
4(757 793 794 758)
4(793 829 830 794)
4(2 3 867 866)
4(2 38 39 3)
4(38 74 75 39)
4(74 110 111 75)
4(110 146 147 111)
4(146 182 183 147)
4(182 218 219 183)
4(218 254 255 219)
4(254 290 291 255)
4(290 326 327 291)
4(326 362 363 327)
4(362 398 399 363)
4(398 434 435 399)
4(434 470 471 435)
4(470 506 507 471)
4(506 542 543 507)
4(542 578 579 543)
4(578 614 615 579)
4(614 650 651 615)
4(650 686 687 651)
4(686 722 723 687)
4(722 758 759 723)
4(758 794 795 759)
4(794 830 831 795)
4(3 4 868 867)
4(3 39 40 4)
4(39 75 76 40)
4(75 111 112 76)
4(111 147 148 112)
4(147 183 184 148)
4(183 219 220 184)
4(219 255 256 220)
4(255 291 292 256)
4(291 327 328 292)
4(327 363 364 328)
4(363 399 400 364)
4(399 435 436 400)
4(435 471 472 436)
4(471 507 508 472)
4(507 543 544 508)
4(543 579 580 544)
4(579 615 616 580)
4(615 651 652 616)
4(651 687 688 652)
4(687 723 724 688)
4(723 759 760 724)
4(759 795 796 760)
4(795 831 832 796)
4(4 5 869 868)
4(4 40 41 5)
4(40 76 77 41)
4(76 112 113 77)
4(112 148 149 113)
4(148 184 185 149)
4(184 220 221 185)
4(220 256 257 221)
4(256 292 293 257)
4(292 328 329 293)
4(328 364 365 329)
4(364 400 401 365)
4(400 436 437 401)
4(436 472 473 437)
4(472 508 509 473)
4(508 544 545 509)
4(544 580 581 545)
4(580 616 617 581)
4(616 652 653 617)
4(652 688 689 653)
4(688 724 725 689)
4(724 760 761 725)
4(760 796 797 761)
4(796 832 833 797)
4(5 6 870 869)
4(5 41 42 6)
4(41 77 78 42)
4(77 113 114 78)
4(113 149 150 114)
4(149 185 186 150)
4(185 221 222 186)
4(221 257 258 222)
4(257 293 294 258)
4(293 329 330 294)
4(329 365 366 330)
4(365 401 402 366)
4(401 437 438 402)
4(437 473 474 438)
4(473 509 510 474)
4(509 545 546 510)
4(545 581 582 546)
4(581 617 618 582)
4(617 653 654 618)
4(653 689 690 654)
4(689 725 726 690)
4(725 761 762 726)
4(761 797 798 762)
4(797 833 834 798)
4(6 7 871 870)
4(6 42 43 7)
4(42 78 79 43)
4(78 114 115 79)
4(114 150 151 115)
4(150 186 187 151)
4(186 222 223 187)
4(222 258 259 223)
4(258 294 295 259)
4(294 330 331 295)
4(330 366 367 331)
4(366 402 403 367)
4(402 438 439 403)
4(438 474 475 439)
4(474 510 511 475)
4(510 546 547 511)
4(546 582 583 547)
4(582 618 619 583)
4(618 654 655 619)
4(654 690 691 655)
4(690 726 727 691)
4(726 762 763 727)
4(762 798 799 763)
4(798 834 835 799)
4(7 8 872 871)
4(7 43 44 8)
4(43 79 80 44)
4(79 115 116 80)
4(115 151 152 116)
4(151 187 188 152)
4(187 223 224 188)
4(223 259 260 224)
4(259 295 296 260)
4(295 331 332 296)
4(331 367 368 332)
4(367 403 404 368)
4(403 439 440 404)
4(439 475 476 440)
4(475 511 512 476)
4(511 547 548 512)
4(547 583 584 548)
4(583 619 620 584)
4(619 655 656 620)
4(655 691 692 656)
4(691 727 728 692)
4(727 763 764 728)
4(763 799 800 764)
4(799 835 836 800)
4(8 9 873 872)
4(8 44 45 9)
4(44 80 81 45)
4(80 116 117 81)
4(116 152 153 117)
4(152 188 189 153)
4(188 224 225 189)
4(224 260 261 225)
4(260 296 297 261)
4(296 332 333 297)
4(332 368 369 333)
4(368 404 405 369)
4(404 440 441 405)
4(440 476 477 441)
4(476 512 513 477)
4(512 548 549 513)
4(548 584 585 549)
4(584 620 621 585)
4(620 656 657 621)
4(656 692 693 657)
4(692 728 729 693)
4(728 764 765 729)
4(764 800 801 765)
4(800 836 837 801)
4(9 10 874 873)
4(9 45 46 10)
4(45 81 82 46)
4(81 117 118 82)
4(117 153 154 118)
4(153 189 190 154)
4(189 225 226 190)
4(225 261 262 226)
4(261 297 298 262)
4(297 333 334 298)
4(333 369 370 334)
4(369 405 406 370)
4(405 441 442 406)
4(441 477 478 442)
4(477 513 514 478)
4(513 549 550 514)
4(549 585 586 550)
4(585 621 622 586)
4(621 657 658 622)
4(657 693 694 658)
4(693 729 730 694)
4(729 765 766 730)
4(765 801 802 766)
4(801 837 838 802)
4(10 11 875 874)
4(10 46 47 11)
4(46 82 83 47)
4(82 118 119 83)
4(118 154 155 119)
4(154 190 191 155)
4(190 226 227 191)
4(226 262 263 227)
4(262 298 299 263)
4(298 334 335 299)
4(334 370 371 335)
4(370 406 407 371)
4(406 442 443 407)
4(442 478 479 443)
4(478 514 515 479)
4(514 550 551 515)
4(550 586 587 551)
4(586 622 623 587)
4(622 658 659 623)
4(658 694 695 659)
4(694 730 731 695)
4(730 766 767 731)
4(766 802 803 767)
4(802 838 839 803)
4(11 12 876 875)
4(11 47 48 12)
4(47 83 84 48)
4(83 119 120 84)
4(119 155 156 120)
4(155 191 192 156)
4(191 227 228 192)
4(227 263 264 228)
4(263 299 300 264)
4(299 335 336 300)
4(335 371 372 336)
4(371 407 408 372)
4(407 443 444 408)
4(443 479 480 444)
4(479 515 516 480)
4(515 551 552 516)
4(551 587 588 552)
4(587 623 624 588)
4(623 659 660 624)
4(659 695 696 660)
4(695 731 732 696)
4(731 767 768 732)
4(767 803 804 768)
4(803 839 840 804)
4(12 13 877 876)
4(12 48 49 13)
4(48 84 85 49)
4(84 120 121 85)
4(120 156 157 121)
4(156 192 193 157)
4(192 228 229 193)
4(228 264 265 229)
4(264 300 301 265)
4(300 336 337 301)
4(336 372 373 337)
4(372 408 409 373)
4(408 444 445 409)
4(444 480 481 445)
4(480 516 517 481)
4(516 552 553 517)
4(552 588 589 553)
4(588 624 625 589)
4(624 660 661 625)
4(660 696 697 661)
4(696 732 733 697)
4(732 768 769 733)
4(768 804 805 769)
4(804 840 841 805)
4(13 14 878 877)
4(13 49 50 14)
4(49 85 86 50)
4(85 121 122 86)
4(121 157 158 122)
4(157 193 194 158)
4(193 229 230 194)
4(229 265 266 230)
4(265 301 302 266)
4(301 337 338 302)
4(337 373 374 338)
4(373 409 410 374)
4(409 445 446 410)
4(445 481 482 446)
4(481 517 518 482)
4(517 553 554 518)
4(553 589 590 554)
4(589 625 626 590)
4(625 661 662 626)
4(661 697 698 662)
4(697 733 734 698)
4(733 769 770 734)
4(769 805 806 770)
4(805 841 842 806)
4(14 15 879 878)
4(14 50 51 15)
4(50 86 87 51)
4(86 122 123 87)
4(122 158 159 123)
4(158 194 195 159)
4(194 230 231 195)
4(230 266 267 231)
4(266 302 303 267)
4(302 338 339 303)
4(338 374 375 339)
4(374 410 411 375)
4(410 446 447 411)
4(446 482 483 447)
4(482 518 519 483)
4(518 554 555 519)
4(554 590 591 555)
4(590 626 627 591)
4(626 662 663 627)
4(662 698 699 663)
4(698 734 735 699)
4(734 770 771 735)
4(770 806 807 771)
4(806 842 843 807)
4(15 16 880 879)
4(15 51 52 16)
4(51 87 88 52)
4(87 123 124 88)
4(123 159 160 124)
4(159 195 196 160)
4(195 231 232 196)
4(231 267 268 232)
4(267 303 304 268)
4(303 339 340 304)
4(339 375 376 340)
4(375 411 412 376)
4(411 447 448 412)
4(447 483 484 448)
4(483 519 520 484)
4(519 555 556 520)
4(555 591 592 556)
4(591 627 628 592)
4(627 663 664 628)
4(663 699 700 664)
4(699 735 736 700)
4(735 771 772 736)
4(771 807 808 772)
4(807 843 844 808)
4(16 17 881 880)
4(16 52 53 17)
4(52 88 89 53)
4(88 124 125 89)
4(124 160 161 125)
4(160 196 197 161)
4(196 232 233 197)
4(232 268 269 233)
4(268 304 305 269)
4(304 340 341 305)
4(340 376 377 341)
4(376 412 413 377)
4(412 448 449 413)
4(448 484 485 449)
4(484 520 521 485)
4(520 556 557 521)
4(556 592 593 557)
4(592 628 629 593)
4(628 664 665 629)
4(664 700 701 665)
4(700 736 737 701)
4(736 772 773 737)
4(772 808 809 773)
4(808 844 845 809)
4(17 18 882 881)
4(17 53 54 18)
4(53 89 90 54)
4(89 125 126 90)
4(125 161 162 126)
4(161 197 198 162)
4(197 233 234 198)
4(233 269 270 234)
4(269 305 306 270)
4(305 341 342 306)
4(341 377 378 342)
4(377 413 414 378)
4(413 449 450 414)
4(449 485 486 450)
4(485 521 522 486)
4(521 557 558 522)
4(557 593 594 558)
4(593 629 630 594)
4(629 665 666 630)
4(665 701 702 666)
4(701 737 738 702)
4(737 773 774 738)
4(773 809 810 774)
4(809 845 846 810)
4(18 19 883 882)
4(18 54 55 19)
4(54 90 91 55)
4(90 126 127 91)
4(126 162 163 127)
4(162 198 199 163)
4(198 234 235 199)
4(234 270 271 235)
4(270 306 307 271)
4(306 342 343 307)
4(342 378 379 343)
4(378 414 415 379)
4(414 450 451 415)
4(450 486 487 451)
4(486 522 523 487)
4(522 558 559 523)
4(558 594 595 559)
4(594 630 631 595)
4(630 666 667 631)
4(666 702 703 667)
4(702 738 739 703)
4(738 774 775 739)
4(774 810 811 775)
4(810 846 847 811)
4(19 20 884 883)
4(19 55 56 20)
4(55 91 92 56)
4(91 127 128 92)
4(127 163 164 128)
4(163 199 200 164)
4(199 235 236 200)
4(235 271 272 236)
4(271 307 308 272)
4(307 343 344 308)
4(343 379 380 344)
4(379 415 416 380)
4(415 451 452 416)
4(451 487 488 452)
4(487 523 524 488)
4(523 559 560 524)
4(559 595 596 560)
4(595 631 632 596)
4(631 667 668 632)
4(667 703 704 668)
4(703 739 740 704)
4(739 775 776 740)
4(775 811 812 776)
4(811 847 848 812)
4(20 21 885 884)
4(20 56 57 21)
4(56 92 93 57)
4(92 128 129 93)
4(128 164 165 129)
4(164 200 201 165)
4(200 236 237 201)
4(236 272 273 237)
4(272 308 309 273)
4(308 344 345 309)
4(344 380 381 345)
4(380 416 417 381)
4(416 452 453 417)
4(452 488 489 453)
4(488 524 525 489)
4(524 560 561 525)
4(560 596 597 561)
4(596 632 633 597)
4(632 668 669 633)
4(668 704 705 669)
4(704 740 741 705)
4(740 776 777 741)
4(776 812 813 777)
4(812 848 849 813)
4(21 22 886 885)
4(21 57 58 22)
4(57 93 94 58)
4(93 129 130 94)
4(129 165 166 130)
4(165 201 202 166)
4(201 237 238 202)
4(237 273 274 238)
4(273 309 310 274)
4(309 345 346 310)
4(345 381 382 346)
4(381 417 418 382)
4(417 453 454 418)
4(453 489 490 454)
4(489 525 526 490)
4(525 561 562 526)
4(561 597 598 562)
4(597 633 634 598)
4(633 669 670 634)
4(669 705 706 670)
4(705 741 742 706)
4(741 777 778 742)
4(777 813 814 778)
4(813 849 850 814)
4(22 23 887 886)
4(22 58 59 23)
4(58 94 95 59)
4(94 130 131 95)
4(130 166 167 131)
4(166 202 203 167)
4(202 238 239 203)
4(238 274 275 239)
4(274 310 311 275)
4(310 346 347 311)
4(346 382 383 347)
4(382 418 419 383)
4(418 454 455 419)
4(454 490 491 455)
4(490 526 527 491)
4(526 562 563 527)
4(562 598 599 563)
4(598 634 635 599)
4(634 670 671 635)
4(670 706 707 671)
4(706 742 743 707)
4(742 778 779 743)
4(778 814 815 779)
4(814 850 851 815)
4(23 24 888 887)
4(23 59 60 24)
4(59 95 96 60)
4(95 131 132 96)
4(131 167 168 132)
4(167 203 204 168)
4(203 239 240 204)
4(239 275 276 240)
4(275 311 312 276)
4(311 347 348 312)
4(347 383 384 348)
4(383 419 420 384)
4(419 455 456 420)
4(455 491 492 456)
4(491 527 528 492)
4(527 563 564 528)
4(563 599 600 564)
4(599 635 636 600)
4(635 671 672 636)
4(671 707 708 672)
4(707 743 744 708)
4(743 779 780 744)
4(779 815 816 780)
4(815 851 852 816)
4(24 25 889 888)
4(24 60 61 25)
4(60 96 97 61)
4(96 132 133 97)
4(132 168 169 133)
4(168 204 205 169)
4(204 240 241 205)
4(240 276 277 241)
4(276 312 313 277)
4(312 348 349 313)
4(348 384 385 349)
4(384 420 421 385)
4(420 456 457 421)
4(456 492 493 457)
4(492 528 529 493)
4(528 564 565 529)
4(564 600 601 565)
4(600 636 637 601)
4(636 672 673 637)
4(672 708 709 673)
4(708 744 745 709)
4(744 780 781 745)
4(780 816 817 781)
4(816 852 853 817)
4(25 26 890 889)
4(25 61 62 26)
4(61 97 98 62)
4(97 133 134 98)
4(133 169 170 134)
4(169 205 206 170)
4(205 241 242 206)
4(241 277 278 242)
4(277 313 314 278)
4(313 349 350 314)
4(349 385 386 350)
4(385 421 422 386)
4(421 457 458 422)
4(457 493 494 458)
4(493 529 530 494)
4(529 565 566 530)
4(565 601 602 566)
4(601 637 638 602)
4(637 673 674 638)
4(673 709 710 674)
4(709 745 746 710)
4(745 781 782 746)
4(781 817 818 782)
4(817 853 854 818)
4(26 27 891 890)
4(26 62 63 27)
4(62 98 99 63)
4(98 134 135 99)
4(134 170 171 135)
4(170 206 207 171)
4(206 242 243 207)
4(242 278 279 243)
4(278 314 315 279)
4(314 350 351 315)
4(350 386 387 351)
4(386 422 423 387)
4(422 458 459 423)
4(458 494 495 459)
4(494 530 531 495)
4(530 566 567 531)
4(566 602 603 567)
4(602 638 639 603)
4(638 674 675 639)
4(674 710 711 675)
4(710 746 747 711)
4(746 782 783 747)
4(782 818 819 783)
4(818 854 855 819)
4(27 28 892 891)
4(27 63 64 28)
4(63 99 100 64)
4(99 135 136 100)
4(135 171 172 136)
4(171 207 208 172)
4(207 243 244 208)
4(243 279 280 244)
4(279 315 316 280)
4(315 351 352 316)
4(351 387 388 352)
4(387 423 424 388)
4(423 459 460 424)
4(459 495 496 460)
4(495 531 532 496)
4(531 567 568 532)
4(567 603 604 568)
4(603 639 640 604)
4(639 675 676 640)
4(675 711 712 676)
4(711 747 748 712)
4(747 783 784 748)
4(783 819 820 784)
4(819 855 856 820)
4(28 29 893 892)
4(28 64 65 29)
4(64 100 101 65)
4(100 136 137 101)
4(136 172 173 137)
4(172 208 209 173)
4(208 244 245 209)
4(244 280 281 245)
4(280 316 317 281)
4(316 352 353 317)
4(352 388 389 353)
4(388 424 425 389)
4(424 460 461 425)
4(460 496 497 461)
4(496 532 533 497)
4(532 568 569 533)
4(568 604 605 569)
4(604 640 641 605)
4(640 676 677 641)
4(676 712 713 677)
4(712 748 749 713)
4(748 784 785 749)
4(784 820 821 785)
4(820 856 857 821)
4(29 30 894 893)
4(29 65 66 30)
4(65 101 102 66)
4(101 137 138 102)
4(137 173 174 138)
4(173 209 210 174)
4(209 245 246 210)
4(245 281 282 246)
4(281 317 318 282)
4(317 353 354 318)
4(353 389 390 354)
4(389 425 426 390)
4(425 461 462 426)
4(461 497 498 462)
4(497 533 534 498)
4(533 569 570 534)
4(569 605 606 570)
4(605 641 642 606)
4(641 677 678 642)
4(677 713 714 678)
4(713 749 750 714)
4(749 785 786 750)
4(785 821 822 786)
4(821 857 858 822)
4(30 31 895 894)
4(30 66 67 31)
4(66 102 103 67)
4(102 138 139 103)
4(138 174 175 139)
4(174 210 211 175)
4(210 246 247 211)
4(246 282 283 247)
4(282 318 319 283)
4(318 354 355 319)
4(354 390 391 355)
4(390 426 427 391)
4(426 462 463 427)
4(462 498 499 463)
4(498 534 535 499)
4(534 570 571 535)
4(570 606 607 571)
4(606 642 643 607)
4(642 678 679 643)
4(678 714 715 679)
4(714 750 751 715)
4(750 786 787 751)
4(786 822 823 787)
4(822 858 859 823)
4(31 32 896 895)
4(31 67 68 32)
4(67 103 104 68)
4(103 139 140 104)
4(139 175 176 140)
4(175 211 212 176)
4(211 247 248 212)
4(247 283 284 248)
4(283 319 320 284)
4(319 355 356 320)
4(355 391 392 356)
4(391 427 428 392)
4(427 463 464 428)
4(463 499 500 464)
4(499 535 536 500)
4(535 571 572 536)
4(571 607 608 572)
4(607 643 644 608)
4(643 679 680 644)
4(679 715 716 680)
4(715 751 752 716)
4(751 787 788 752)
4(787 823 824 788)
4(823 859 860 824)
4(32 33 897 896)
4(32 68 69 33)
4(68 104 105 69)
4(104 140 141 105)
4(140 176 177 141)
4(176 212 213 177)
4(212 248 249 213)
4(248 284 285 249)
4(284 320 321 285)
4(320 356 357 321)
4(356 392 393 357)
4(392 428 429 393)
4(428 464 465 429)
4(464 500 501 465)
4(500 536 537 501)
4(536 572 573 537)
4(572 608 609 573)
4(608 644 645 609)
4(644 680 681 645)
4(680 716 717 681)
4(716 752 753 717)
4(752 788 789 753)
4(788 824 825 789)
4(824 860 861 825)
4(33 34 898 897)
4(33 69 70 34)
4(69 105 106 70)
4(105 141 142 106)
4(141 177 178 142)
4(177 213 214 178)
4(213 249 250 214)
4(249 285 286 250)
4(285 321 322 286)
4(321 357 358 322)
4(357 393 394 358)
4(393 429 430 394)
4(429 465 466 430)
4(465 501 502 466)
4(501 537 538 502)
4(537 573 574 538)
4(573 609 610 574)
4(609 645 646 610)
4(645 681 682 646)
4(681 717 718 682)
4(717 753 754 718)
4(753 789 790 754)
4(789 825 826 790)
4(825 861 862 826)
4(34 35 899 898)
4(34 70 71 35)
4(70 106 107 71)
4(106 142 143 107)
4(142 178 179 143)
4(178 214 215 179)
4(214 250 251 215)
4(250 286 287 251)
4(286 322 323 287)
4(322 358 359 323)
4(358 394 395 359)
4(394 430 431 395)
4(430 466 467 431)
4(466 502 503 467)
4(502 538 539 503)
4(538 574 575 539)
4(574 610 611 575)
4(610 646 647 611)
4(646 682 683 647)
4(682 718 719 683)
4(718 754 755 719)
4(754 790 791 755)
4(790 826 827 791)
4(826 862 863 827)
4(35 1800 1846 899)
4(71 1801 1800 35)
4(107 1802 1801 71)
4(143 1803 1802 107)
4(179 1804 1803 143)
4(215 1805 1804 179)
4(251 1807 1805 215)
4(287 1809 1807 251)
4(323 1811 1809 287)
4(359 1813 1811 323)
4(395 1815 1813 359)
4(431 1817 1815 395)
4(467 1819 1817 431)
4(503 1821 1819 467)
4(539 1823 1821 503)
4(575 1825 1823 539)
4(611 1827 1825 575)
4(647 1829 1827 611)
4(683 1831 1829 647)
4(719 1833 1831 683)
4(755 1835 1833 719)
4(791 1837 1835 755)
4(827 1839 1837 791)
4(863 1847 1839 827)
4(900 1806 1848 1764)
4(1806 900 936 1808)
4(1808 936 972 1810)
4(1810 972 1008 1812)
4(1812 1008 1044 1814)
4(1814 1044 1080 1816)
4(1816 1080 1116 1818)
4(1818 1116 1152 1820)
4(1820 1152 1188 1822)
4(1822 1188 1224 1824)
4(1824 1224 1260 1826)
4(1826 1260 1296 1828)
4(1828 1296 1332 1830)
4(1830 1332 1368 1832)
4(1832 1368 1404 1834)
4(1834 1404 1440 1836)
4(1836 1440 1476 1838)
4(1838 1476 1512 1840)
4(1840 1512 1548 1841)
4(1841 1548 1584 1842)
4(1842 1584 1620 1843)
4(1843 1620 1656 1844)
4(1844 1656 1692 1845)
4(1845 1692 1728 1849)
4(900 1764 1765 901)
4(900 901 937 936)
4(936 937 973 972)
4(972 973 1009 1008)
4(1008 1009 1045 1044)
4(1044 1045 1081 1080)
4(1080 1081 1117 1116)
4(1116 1117 1153 1152)
4(1152 1153 1189 1188)
4(1188 1189 1225 1224)
4(1224 1225 1261 1260)
4(1260 1261 1297 1296)
4(1296 1297 1333 1332)
4(1332 1333 1369 1368)
4(1368 1369 1405 1404)
4(1404 1405 1441 1440)
4(1440 1441 1477 1476)
4(1476 1477 1513 1512)
4(1512 1513 1549 1548)
4(1548 1549 1585 1584)
4(1584 1585 1621 1620)
4(1620 1621 1657 1656)
4(1656 1657 1693 1692)
4(1692 1693 1729 1728)
4(901 1765 1766 902)
4(901 902 938 937)
4(937 938 974 973)
4(973 974 1010 1009)
4(1009 1010 1046 1045)
4(1045 1046 1082 1081)
4(1081 1082 1118 1117)
4(1117 1118 1154 1153)
4(1153 1154 1190 1189)
4(1189 1190 1226 1225)
4(1225 1226 1262 1261)
4(1261 1262 1298 1297)
4(1297 1298 1334 1333)
4(1333 1334 1370 1369)
4(1369 1370 1406 1405)
4(1405 1406 1442 1441)
4(1441 1442 1478 1477)
4(1477 1478 1514 1513)
4(1513 1514 1550 1549)
4(1549 1550 1586 1585)
4(1585 1586 1622 1621)
4(1621 1622 1658 1657)
4(1657 1658 1694 1693)
4(1693 1694 1730 1729)
4(902 1766 1767 903)
4(902 903 939 938)
4(938 939 975 974)
4(974 975 1011 1010)
4(1010 1011 1047 1046)
4(1046 1047 1083 1082)
4(1082 1083 1119 1118)
4(1118 1119 1155 1154)
4(1154 1155 1191 1190)
4(1190 1191 1227 1226)
4(1226 1227 1263 1262)
4(1262 1263 1299 1298)
4(1298 1299 1335 1334)
4(1334 1335 1371 1370)
4(1370 1371 1407 1406)
4(1406 1407 1443 1442)
4(1442 1443 1479 1478)
4(1478 1479 1515 1514)
4(1514 1515 1551 1550)
4(1550 1551 1587 1586)
4(1586 1587 1623 1622)
4(1622 1623 1659 1658)
4(1658 1659 1695 1694)
4(1694 1695 1731 1730)
4(903 1767 1768 904)
4(903 904 940 939)
4(939 940 976 975)
4(975 976 1012 1011)
4(1011 1012 1048 1047)
4(1047 1048 1084 1083)
4(1083 1084 1120 1119)
4(1119 1120 1156 1155)
4(1155 1156 1192 1191)
4(1191 1192 1228 1227)
4(1227 1228 1264 1263)
4(1263 1264 1300 1299)
4(1299 1300 1336 1335)
4(1335 1336 1372 1371)
4(1371 1372 1408 1407)
4(1407 1408 1444 1443)
4(1443 1444 1480 1479)
4(1479 1480 1516 1515)
4(1515 1516 1552 1551)
4(1551 1552 1588 1587)
4(1587 1588 1624 1623)
4(1623 1624 1660 1659)
4(1659 1660 1696 1695)
4(1695 1696 1732 1731)
4(904 1768 1769 905)
4(904 905 941 940)
4(940 941 977 976)
4(976 977 1013 1012)
4(1012 1013 1049 1048)
4(1048 1049 1085 1084)
4(1084 1085 1121 1120)
4(1120 1121 1157 1156)
4(1156 1157 1193 1192)
4(1192 1193 1229 1228)
4(1228 1229 1265 1264)
4(1264 1265 1301 1300)
4(1300 1301 1337 1336)
4(1336 1337 1373 1372)
4(1372 1373 1409 1408)
4(1408 1409 1445 1444)
4(1444 1445 1481 1480)
4(1480 1481 1517 1516)
4(1516 1517 1553 1552)
4(1552 1553 1589 1588)
4(1588 1589 1625 1624)
4(1624 1625 1661 1660)
4(1660 1661 1697 1696)
4(1696 1697 1733 1732)
4(905 1769 1770 906)
4(905 906 942 941)
4(941 942 978 977)
4(977 978 1014 1013)
4(1013 1014 1050 1049)
4(1049 1050 1086 1085)
4(1085 1086 1122 1121)
4(1121 1122 1158 1157)
4(1157 1158 1194 1193)
4(1193 1194 1230 1229)
4(1229 1230 1266 1265)
4(1265 1266 1302 1301)
4(1301 1302 1338 1337)
4(1337 1338 1374 1373)
4(1373 1374 1410 1409)
4(1409 1410 1446 1445)
4(1445 1446 1482 1481)
4(1481 1482 1518 1517)
4(1517 1518 1554 1553)
4(1553 1554 1590 1589)
4(1589 1590 1626 1625)
4(1625 1626 1662 1661)
4(1661 1662 1698 1697)
4(1697 1698 1734 1733)
4(906 1770 1771 907)
4(906 907 943 942)
4(942 943 979 978)
4(978 979 1015 1014)
4(1014 1015 1051 1050)
4(1050 1051 1087 1086)
4(1086 1087 1123 1122)
4(1122 1123 1159 1158)
4(1158 1159 1195 1194)
4(1194 1195 1231 1230)
4(1230 1231 1267 1266)
4(1266 1267 1303 1302)
4(1302 1303 1339 1338)
4(1338 1339 1375 1374)
4(1374 1375 1411 1410)
4(1410 1411 1447 1446)
4(1446 1447 1483 1482)
4(1482 1483 1519 1518)
4(1518 1519 1555 1554)
4(1554 1555 1591 1590)
4(1590 1591 1627 1626)
4(1626 1627 1663 1662)
4(1662 1663 1699 1698)
4(1698 1699 1735 1734)
4(907 1771 1772 908)
4(907 908 944 943)
4(943 944 980 979)
4(979 980 1016 1015)
4(1015 1016 1052 1051)
4(1051 1052 1088 1087)
4(1087 1088 1124 1123)
4(1123 1124 1160 1159)
4(1159 1160 1196 1195)
4(1195 1196 1232 1231)
4(1231 1232 1268 1267)
4(1267 1268 1304 1303)
4(1303 1304 1340 1339)
4(1339 1340 1376 1375)
4(1375 1376 1412 1411)
4(1411 1412 1448 1447)
4(1447 1448 1484 1483)
4(1483 1484 1520 1519)
4(1519 1520 1556 1555)
4(1555 1556 1592 1591)
4(1591 1592 1628 1627)
4(1627 1628 1664 1663)
4(1663 1664 1700 1699)
4(1699 1700 1736 1735)
4(908 1772 1773 909)
4(908 909 945 944)
4(944 945 981 980)
4(980 981 1017 1016)
4(1016 1017 1053 1052)
4(1052 1053 1089 1088)
4(1088 1089 1125 1124)
4(1124 1125 1161 1160)
4(1160 1161 1197 1196)
4(1196 1197 1233 1232)
4(1232 1233 1269 1268)
4(1268 1269 1305 1304)
4(1304 1305 1341 1340)
4(1340 1341 1377 1376)
4(1376 1377 1413 1412)
4(1412 1413 1449 1448)
4(1448 1449 1485 1484)
4(1484 1485 1521 1520)
4(1520 1521 1557 1556)
4(1556 1557 1593 1592)
4(1592 1593 1629 1628)
4(1628 1629 1665 1664)
4(1664 1665 1701 1700)
4(1700 1701 1737 1736)
4(909 1773 1774 910)
4(909 910 946 945)
4(945 946 982 981)
4(981 982 1018 1017)
4(1017 1018 1054 1053)
4(1053 1054 1090 1089)
4(1089 1090 1126 1125)
4(1125 1126 1162 1161)
4(1161 1162 1198 1197)
4(1197 1198 1234 1233)
4(1233 1234 1270 1269)
4(1269 1270 1306 1305)
4(1305 1306 1342 1341)
4(1341 1342 1378 1377)
4(1377 1378 1414 1413)
4(1413 1414 1450 1449)
4(1449 1450 1486 1485)
4(1485 1486 1522 1521)
4(1521 1522 1558 1557)
4(1557 1558 1594 1593)
4(1593 1594 1630 1629)
4(1629 1630 1666 1665)
4(1665 1666 1702 1701)
4(1701 1702 1738 1737)
4(910 1774 1775 911)
4(910 911 947 946)
4(946 947 983 982)
4(982 983 1019 1018)
4(1018 1019 1055 1054)
4(1054 1055 1091 1090)
4(1090 1091 1127 1126)
4(1126 1127 1163 1162)
4(1162 1163 1199 1198)
4(1198 1199 1235 1234)
4(1234 1235 1271 1270)
4(1270 1271 1307 1306)
4(1306 1307 1343 1342)
4(1342 1343 1379 1378)
4(1378 1379 1415 1414)
4(1414 1415 1451 1450)
4(1450 1451 1487 1486)
4(1486 1487 1523 1522)
4(1522 1523 1559 1558)
4(1558 1559 1595 1594)
4(1594 1595 1631 1630)
4(1630 1631 1667 1666)
4(1666 1667 1703 1702)
4(1702 1703 1739 1738)
4(911 1775 1776 912)
4(911 912 948 947)
4(947 948 984 983)
4(983 984 1020 1019)
4(1019 1020 1056 1055)
4(1055 1056 1092 1091)
4(1091 1092 1128 1127)
4(1127 1128 1164 1163)
4(1163 1164 1200 1199)
4(1199 1200 1236 1235)
4(1235 1236 1272 1271)
4(1271 1272 1308 1307)
4(1307 1308 1344 1343)
4(1343 1344 1380 1379)
4(1379 1380 1416 1415)
4(1415 1416 1452 1451)
4(1451 1452 1488 1487)
4(1487 1488 1524 1523)
4(1523 1524 1560 1559)
4(1559 1560 1596 1595)
4(1595 1596 1632 1631)
4(1631 1632 1668 1667)
4(1667 1668 1704 1703)
4(1703 1704 1740 1739)
4(912 1776 1777 913)
4(912 913 949 948)
4(948 949 985 984)
4(984 985 1021 1020)
4(1020 1021 1057 1056)
4(1056 1057 1093 1092)
4(1092 1093 1129 1128)
4(1128 1129 1165 1164)
4(1164 1165 1201 1200)
4(1200 1201 1237 1236)
4(1236 1237 1273 1272)
4(1272 1273 1309 1308)
4(1308 1309 1345 1344)
4(1344 1345 1381 1380)
4(1380 1381 1417 1416)
4(1416 1417 1453 1452)
4(1452 1453 1489 1488)
4(1488 1489 1525 1524)
4(1524 1525 1561 1560)
4(1560 1561 1597 1596)
4(1596 1597 1633 1632)
4(1632 1633 1669 1668)
4(1668 1669 1705 1704)
4(1704 1705 1741 1740)
4(913 1777 1778 914)
4(913 914 950 949)
4(949 950 986 985)
4(985 986 1022 1021)
4(1021 1022 1058 1057)
4(1057 1058 1094 1093)
4(1093 1094 1130 1129)
4(1129 1130 1166 1165)
4(1165 1166 1202 1201)
4(1201 1202 1238 1237)
4(1237 1238 1274 1273)
4(1273 1274 1310 1309)
4(1309 1310 1346 1345)
4(1345 1346 1382 1381)
4(1381 1382 1418 1417)
4(1417 1418 1454 1453)
4(1453 1454 1490 1489)
4(1489 1490 1526 1525)
4(1525 1526 1562 1561)
4(1561 1562 1598 1597)
4(1597 1598 1634 1633)
4(1633 1634 1670 1669)
4(1669 1670 1706 1705)
4(1705 1706 1742 1741)
4(914 1778 1779 915)
4(914 915 951 950)
4(950 951 987 986)
4(986 987 1023 1022)
4(1022 1023 1059 1058)
4(1058 1059 1095 1094)
4(1094 1095 1131 1130)
4(1130 1131 1167 1166)
4(1166 1167 1203 1202)
4(1202 1203 1239 1238)
4(1238 1239 1275 1274)
4(1274 1275 1311 1310)
4(1310 1311 1347 1346)
4(1346 1347 1383 1382)
4(1382 1383 1419 1418)
4(1418 1419 1455 1454)
4(1454 1455 1491 1490)
4(1490 1491 1527 1526)
4(1526 1527 1563 1562)
4(1562 1563 1599 1598)
4(1598 1599 1635 1634)
4(1634 1635 1671 1670)
4(1670 1671 1707 1706)
4(1706 1707 1743 1742)
4(915 1779 1780 916)
4(915 916 952 951)
4(951 952 988 987)
4(987 988 1024 1023)
4(1023 1024 1060 1059)
4(1059 1060 1096 1095)
4(1095 1096 1132 1131)
4(1131 1132 1168 1167)
4(1167 1168 1204 1203)
4(1203 1204 1240 1239)
4(1239 1240 1276 1275)
4(1275 1276 1312 1311)
4(1311 1312 1348 1347)
4(1347 1348 1384 1383)
4(1383 1384 1420 1419)
4(1419 1420 1456 1455)
4(1455 1456 1492 1491)
4(1491 1492 1528 1527)
4(1527 1528 1564 1563)
4(1563 1564 1600 1599)
4(1599 1600 1636 1635)
4(1635 1636 1672 1671)
4(1671 1672 1708 1707)
4(1707 1708 1744 1743)
4(916 1780 1781 917)
4(916 917 953 952)
4(952 953 989 988)
4(988 989 1025 1024)
4(1024 1025 1061 1060)
4(1060 1061 1097 1096)
4(1096 1097 1133 1132)
4(1132 1133 1169 1168)
4(1168 1169 1205 1204)
4(1204 1205 1241 1240)
4(1240 1241 1277 1276)
4(1276 1277 1313 1312)
4(1312 1313 1349 1348)
4(1348 1349 1385 1384)
4(1384 1385 1421 1420)
4(1420 1421 1457 1456)
4(1456 1457 1493 1492)
4(1492 1493 1529 1528)
4(1528 1529 1565 1564)
4(1564 1565 1601 1600)
4(1600 1601 1637 1636)
4(1636 1637 1673 1672)
4(1672 1673 1709 1708)
4(1708 1709 1745 1744)
4(917 1781 1782 918)
4(917 918 954 953)
4(953 954 990 989)
4(989 990 1026 1025)
4(1025 1026 1062 1061)
4(1061 1062 1098 1097)
4(1097 1098 1134 1133)
4(1133 1134 1170 1169)
4(1169 1170 1206 1205)
4(1205 1206 1242 1241)
4(1241 1242 1278 1277)
4(1277 1278 1314 1313)
4(1313 1314 1350 1349)
4(1349 1350 1386 1385)
4(1385 1386 1422 1421)
4(1421 1422 1458 1457)
4(1457 1458 1494 1493)
4(1493 1494 1530 1529)
4(1529 1530 1566 1565)
4(1565 1566 1602 1601)
4(1601 1602 1638 1637)
4(1637 1638 1674 1673)
4(1673 1674 1710 1709)
4(1709 1710 1746 1745)
4(918 1782 1783 919)
4(918 919 955 954)
4(954 955 991 990)
4(990 991 1027 1026)
4(1026 1027 1063 1062)
4(1062 1063 1099 1098)
4(1098 1099 1135 1134)
4(1134 1135 1171 1170)
4(1170 1171 1207 1206)
4(1206 1207 1243 1242)
4(1242 1243 1279 1278)
4(1278 1279 1315 1314)
4(1314 1315 1351 1350)
4(1350 1351 1387 1386)
4(1386 1387 1423 1422)
4(1422 1423 1459 1458)
4(1458 1459 1495 1494)
4(1494 1495 1531 1530)
4(1530 1531 1567 1566)
4(1566 1567 1603 1602)
4(1602 1603 1639 1638)
4(1638 1639 1675 1674)
4(1674 1675 1711 1710)
4(1710 1711 1747 1746)
4(919 1783 1784 920)
4(919 920 956 955)
4(955 956 992 991)
4(991 992 1028 1027)
4(1027 1028 1064 1063)
4(1063 1064 1100 1099)
4(1099 1100 1136 1135)
4(1135 1136 1172 1171)
4(1171 1172 1208 1207)
4(1207 1208 1244 1243)
4(1243 1244 1280 1279)
4(1279 1280 1316 1315)
4(1315 1316 1352 1351)
4(1351 1352 1388 1387)
4(1387 1388 1424 1423)
4(1423 1424 1460 1459)
4(1459 1460 1496 1495)
4(1495 1496 1532 1531)
4(1531 1532 1568 1567)
4(1567 1568 1604 1603)
4(1603 1604 1640 1639)
4(1639 1640 1676 1675)
4(1675 1676 1712 1711)
4(1711 1712 1748 1747)
4(920 1784 1785 921)
4(920 921 957 956)
4(956 957 993 992)
4(992 993 1029 1028)
4(1028 1029 1065 1064)
4(1064 1065 1101 1100)
4(1100 1101 1137 1136)
4(1136 1137 1173 1172)
4(1172 1173 1209 1208)
4(1208 1209 1245 1244)
4(1244 1245 1281 1280)
4(1280 1281 1317 1316)
4(1316 1317 1353 1352)
4(1352 1353 1389 1388)
4(1388 1389 1425 1424)
4(1424 1425 1461 1460)
4(1460 1461 1497 1496)
4(1496 1497 1533 1532)
4(1532 1533 1569 1568)
4(1568 1569 1605 1604)
4(1604 1605 1641 1640)
4(1640 1641 1677 1676)
4(1676 1677 1713 1712)
4(1712 1713 1749 1748)
4(921 1785 1786 922)
4(921 922 958 957)
4(957 958 994 993)
4(993 994 1030 1029)
4(1029 1030 1066 1065)
4(1065 1066 1102 1101)
4(1101 1102 1138 1137)
4(1137 1138 1174 1173)
4(1173 1174 1210 1209)
4(1209 1210 1246 1245)
4(1245 1246 1282 1281)
4(1281 1282 1318 1317)
4(1317 1318 1354 1353)
4(1353 1354 1390 1389)
4(1389 1390 1426 1425)
4(1425 1426 1462 1461)
4(1461 1462 1498 1497)
4(1497 1498 1534 1533)
4(1533 1534 1570 1569)
4(1569 1570 1606 1605)
4(1605 1606 1642 1641)
4(1641 1642 1678 1677)
4(1677 1678 1714 1713)
4(1713 1714 1750 1749)
4(922 1786 1787 923)
4(922 923 959 958)
4(958 959 995 994)
4(994 995 1031 1030)
4(1030 1031 1067 1066)
4(1066 1067 1103 1102)
4(1102 1103 1139 1138)
4(1138 1139 1175 1174)
4(1174 1175 1211 1210)
4(1210 1211 1247 1246)
4(1246 1247 1283 1282)
4(1282 1283 1319 1318)
4(1318 1319 1355 1354)
4(1354 1355 1391 1390)
4(1390 1391 1427 1426)
4(1426 1427 1463 1462)
4(1462 1463 1499 1498)
4(1498 1499 1535 1534)
4(1534 1535 1571 1570)
4(1570 1571 1607 1606)
4(1606 1607 1643 1642)
4(1642 1643 1679 1678)
4(1678 1679 1715 1714)
4(1714 1715 1751 1750)
4(923 1787 1788 924)
4(923 924 960 959)
4(959 960 996 995)
4(995 996 1032 1031)
4(1031 1032 1068 1067)
4(1067 1068 1104 1103)
4(1103 1104 1140 1139)
4(1139 1140 1176 1175)
4(1175 1176 1212 1211)
4(1211 1212 1248 1247)
4(1247 1248 1284 1283)
4(1283 1284 1320 1319)
4(1319 1320 1356 1355)
4(1355 1356 1392 1391)
4(1391 1392 1428 1427)
4(1427 1428 1464 1463)
4(1463 1464 1500 1499)
4(1499 1500 1536 1535)
4(1535 1536 1572 1571)
4(1571 1572 1608 1607)
4(1607 1608 1644 1643)
4(1643 1644 1680 1679)
4(1679 1680 1716 1715)
4(1715 1716 1752 1751)
4(924 1788 1789 925)
4(924 925 961 960)
4(960 961 997 996)
4(996 997 1033 1032)
4(1032 1033 1069 1068)
4(1068 1069 1105 1104)
4(1104 1105 1141 1140)
4(1140 1141 1177 1176)
4(1176 1177 1213 1212)
4(1212 1213 1249 1248)
4(1248 1249 1285 1284)
4(1284 1285 1321 1320)
4(1320 1321 1357 1356)
4(1356 1357 1393 1392)
4(1392 1393 1429 1428)
4(1428 1429 1465 1464)
4(1464 1465 1501 1500)
4(1500 1501 1537 1536)
4(1536 1537 1573 1572)
4(1572 1573 1609 1608)
4(1608 1609 1645 1644)
4(1644 1645 1681 1680)
4(1680 1681 1717 1716)
4(1716 1717 1753 1752)
4(925 1789 1790 926)
4(925 926 962 961)
4(961 962 998 997)
4(997 998 1034 1033)
4(1033 1034 1070 1069)
4(1069 1070 1106 1105)
4(1105 1106 1142 1141)
4(1141 1142 1178 1177)
4(1177 1178 1214 1213)
4(1213 1214 1250 1249)
4(1249 1250 1286 1285)
4(1285 1286 1322 1321)
4(1321 1322 1358 1357)
4(1357 1358 1394 1393)
4(1393 1394 1430 1429)
4(1429 1430 1466 1465)
4(1465 1466 1502 1501)
4(1501 1502 1538 1537)
4(1537 1538 1574 1573)
4(1573 1574 1610 1609)
4(1609 1610 1646 1645)
4(1645 1646 1682 1681)
4(1681 1682 1718 1717)
4(1717 1718 1754 1753)
4(926 1790 1791 927)
4(926 927 963 962)
4(962 963 999 998)
4(998 999 1035 1034)
4(1034 1035 1071 1070)
4(1070 1071 1107 1106)
4(1106 1107 1143 1142)
4(1142 1143 1179 1178)
4(1178 1179 1215 1214)
4(1214 1215 1251 1250)
4(1250 1251 1287 1286)
4(1286 1287 1323 1322)
4(1322 1323 1359 1358)
4(1358 1359 1395 1394)
4(1394 1395 1431 1430)
4(1430 1431 1467 1466)
4(1466 1467 1503 1502)
4(1502 1503 1539 1538)
4(1538 1539 1575 1574)
4(1574 1575 1611 1610)
4(1610 1611 1647 1646)
4(1646 1647 1683 1682)
4(1682 1683 1719 1718)
4(1718 1719 1755 1754)
4(927 1791 1792 928)
4(927 928 964 963)
4(963 964 1000 999)
4(999 1000 1036 1035)
4(1035 1036 1072 1071)
4(1071 1072 1108 1107)
4(1107 1108 1144 1143)
4(1143 1144 1180 1179)
4(1179 1180 1216 1215)
4(1215 1216 1252 1251)
4(1251 1252 1288 1287)
4(1287 1288 1324 1323)
4(1323 1324 1360 1359)
4(1359 1360 1396 1395)
4(1395 1396 1432 1431)
4(1431 1432 1468 1467)
4(1467 1468 1504 1503)
4(1503 1504 1540 1539)
4(1539 1540 1576 1575)
4(1575 1576 1612 1611)
4(1611 1612 1648 1647)
4(1647 1648 1684 1683)
4(1683 1684 1720 1719)
4(1719 1720 1756 1755)
4(928 1792 1793 929)
4(928 929 965 964)
4(964 965 1001 1000)
4(1000 1001 1037 1036)
4(1036 1037 1073 1072)
4(1072 1073 1109 1108)
4(1108 1109 1145 1144)
4(1144 1145 1181 1180)
4(1180 1181 1217 1216)
4(1216 1217 1253 1252)
4(1252 1253 1289 1288)
4(1288 1289 1325 1324)
4(1324 1325 1361 1360)
4(1360 1361 1397 1396)
4(1396 1397 1433 1432)
4(1432 1433 1469 1468)
4(1468 1469 1505 1504)
4(1504 1505 1541 1540)
4(1540 1541 1577 1576)
4(1576 1577 1613 1612)
4(1612 1613 1649 1648)
4(1648 1649 1685 1684)
4(1684 1685 1721 1720)
4(1720 1721 1757 1756)
4(929 1793 1794 930)
4(929 930 966 965)
4(965 966 1002 1001)
4(1001 1002 1038 1037)
4(1037 1038 1074 1073)
4(1073 1074 1110 1109)
4(1109 1110 1146 1145)
4(1145 1146 1182 1181)
4(1181 1182 1218 1217)
4(1217 1218 1254 1253)
4(1253 1254 1290 1289)
4(1289 1290 1326 1325)
4(1325 1326 1362 1361)
4(1361 1362 1398 1397)
4(1397 1398 1434 1433)
4(1433 1434 1470 1469)
4(1469 1470 1506 1505)
4(1505 1506 1542 1541)
4(1541 1542 1578 1577)
4(1577 1578 1614 1613)
4(1613 1614 1650 1649)
4(1649 1650 1686 1685)
4(1685 1686 1722 1721)
4(1721 1722 1758 1757)
4(930 1794 1795 931)
4(930 931 967 966)
4(966 967 1003 1002)
4(1002 1003 1039 1038)
4(1038 1039 1075 1074)
4(1074 1075 1111 1110)
4(1110 1111 1147 1146)
4(1146 1147 1183 1182)
4(1182 1183 1219 1218)
4(1218 1219 1255 1254)
4(1254 1255 1291 1290)
4(1290 1291 1327 1326)
4(1326 1327 1363 1362)
4(1362 1363 1399 1398)
4(1398 1399 1435 1434)
4(1434 1435 1471 1470)
4(1470 1471 1507 1506)
4(1506 1507 1543 1542)
4(1542 1543 1579 1578)
4(1578 1579 1615 1614)
4(1614 1615 1651 1650)
4(1650 1651 1687 1686)
4(1686 1687 1723 1722)
4(1722 1723 1759 1758)
4(931 1795 1796 932)
4(931 932 968 967)
4(967 968 1004 1003)
4(1003 1004 1040 1039)
4(1039 1040 1076 1075)
4(1075 1076 1112 1111)
4(1111 1112 1148 1147)
4(1147 1148 1184 1183)
4(1183 1184 1220 1219)
4(1219 1220 1256 1255)
4(1255 1256 1292 1291)
4(1291 1292 1328 1327)
4(1327 1328 1364 1363)
4(1363 1364 1400 1399)
4(1399 1400 1436 1435)
4(1435 1436 1472 1471)
4(1471 1472 1508 1507)
4(1507 1508 1544 1543)
4(1543 1544 1580 1579)
4(1579 1580 1616 1615)
4(1615 1616 1652 1651)
4(1651 1652 1688 1687)
4(1687 1688 1724 1723)
4(1723 1724 1760 1759)
4(932 1796 1797 933)
4(932 933 969 968)
4(968 969 1005 1004)
4(1004 1005 1041 1040)
4(1040 1041 1077 1076)
4(1076 1077 1113 1112)
4(1112 1113 1149 1148)
4(1148 1149 1185 1184)
4(1184 1185 1221 1220)
4(1220 1221 1257 1256)
4(1256 1257 1293 1292)
4(1292 1293 1329 1328)
4(1328 1329 1365 1364)
4(1364 1365 1401 1400)
4(1400 1401 1437 1436)
4(1436 1437 1473 1472)
4(1472 1473 1509 1508)
4(1508 1509 1545 1544)
4(1544 1545 1581 1580)
4(1580 1581 1617 1616)
4(1616 1617 1653 1652)
4(1652 1653 1689 1688)
4(1688 1689 1725 1724)
4(1724 1725 1761 1760)
4(933 1797 1798 934)
4(933 934 970 969)
4(969 970 1006 1005)
4(1005 1006 1042 1041)
4(1041 1042 1078 1077)
4(1077 1078 1114 1113)
4(1113 1114 1150 1149)
4(1149 1150 1186 1185)
4(1185 1186 1222 1221)
4(1221 1222 1258 1257)
4(1257 1258 1294 1293)
4(1293 1294 1330 1329)
4(1329 1330 1366 1365)
4(1365 1366 1402 1401)
4(1401 1402 1438 1437)
4(1437 1438 1474 1473)
4(1473 1474 1510 1509)
4(1509 1510 1546 1545)
4(1545 1546 1582 1581)
4(1581 1582 1618 1617)
4(1617 1618 1654 1653)
4(1653 1654 1690 1689)
4(1689 1690 1726 1725)
4(1725 1726 1762 1761)
4(934 1798 1799 935)
4(934 935 971 970)
4(970 971 1007 1006)
4(1006 1007 1043 1042)
4(1042 1043 1079 1078)
4(1078 1079 1115 1114)
4(1114 1115 1151 1150)
4(1150 1151 1187 1186)
4(1186 1187 1223 1222)
4(1222 1223 1259 1258)
4(1258 1259 1295 1294)
4(1294 1295 1331 1330)
4(1330 1331 1367 1366)
4(1366 1367 1403 1402)
4(1402 1403 1439 1438)
4(1438 1439 1475 1474)
4(1474 1475 1511 1510)
4(1510 1511 1547 1546)
4(1546 1547 1583 1582)
4(1582 1583 1619 1618)
4(1618 1619 1655 1654)
4(1654 1655 1691 1690)
4(1690 1691 1727 1726)
4(1726 1727 1763 1762)
4(935 1799 1846 1800)
4(971 935 1800 1801)
4(1007 971 1801 1802)
4(1043 1007 1802 1803)
4(1079 1043 1803 1804)
4(1115 1079 1804 1805)
4(1151 1115 1805 1807)
4(1187 1151 1807 1809)
4(1223 1187 1809 1811)
4(1259 1223 1811 1813)
4(1295 1259 1813 1815)
4(1331 1295 1815 1817)
4(1367 1331 1817 1819)
4(1403 1367 1819 1821)
4(1439 1403 1821 1823)
4(1475 1439 1823 1825)
4(1511 1475 1825 1827)
4(1547 1511 1827 1829)
4(1583 1547 1829 1831)
4(1619 1583 1831 1833)
4(1655 1619 1833 1835)
4(1691 1655 1835 1837)
4(1727 1691 1837 1839)
4(1763 1727 1839 1847)
)


// ************************************************************************* //
