/*--------------------------------*- C++ -*----------------------------------*\
| =========                 |                                                 |
| \\      /  F ield         | OpenFOAM: The Open Source CFD Toolbox           |
|  \\    /   O peration     | Version:  v2012                                 |
|   \\  /    A nd           | Website:  www.openfoam.com                      |
|    \\/     M anipulation  |                                                 |
\*---------------------------------------------------------------------------*/
FoamFile
{
    version     2.0;
    format      ascii;
    class       vectorField;
    location    "constant/polyMesh";
    object      points;
}
// * * * * * * * * * * * * * * * * * * * * * * * * * * * * * * * * * * * * * //


1850
(
(0.581232 0.049423 0.00215786)
(0.574943 0.09849 0.00430017)
(0.564511 0.146847 0.00641149)
(0.550012 0.194147 0.00847662)
(0.53155 0.240047 0.0104807)
(0.509258 0.284218 0.0124092)
(0.483297 0.326341 0.0142484)
(0.453854 0.366113 0.0159848)
(0.421141 0.403247 0.0176061)
(0.385394 0.437475 0.0191006)
(0.346869 0.468552 0.0204574)
(0.305846 0.496253 0.0216669)
(0.262619 0.520378 0.0227202)
(0.2175 0.540753 0.0236098)
(0.170813 0.557233 0.0243293)
(0.122896 0.569698 0.0248735)
(0.0740937 0.578058 0.0252386)
(0.0247574 0.582253 0.0254217)
(-0.0247574 0.582253 0.0254217)
(-0.0740937 0.578058 0.0252386)
(-0.122896 0.569698 0.0248735)
(-0.170813 0.557233 0.0243293)
(-0.2175 0.540753 0.0236098)
(-0.262619 0.520378 0.0227202)
(-0.305846 0.496253 0.0216669)
(-0.346869 0.468552 0.0204574)
(-0.385394 0.437475 0.0191006)
(-0.421141 0.403247 0.0176061)
(-0.453854 0.366113 0.0159848)
(-0.483297 0.326341 0.0142484)
(-0.509258 0.284218 0.0124092)
(-0.53155 0.240047 0.0104807)
(-0.550012 0.194147 0.00847662)
(-0.564511 0.146847 0.00641149)
(-0.574943 0.09849 0.00430017)
(-0.581232 0.049423 0.00215786)
(0.664265 0.0564835 0.00246612)
(0.657077 0.11256 0.00491447)
(0.645155 0.167825 0.00732742)
(0.628585 0.221882 0.00968757)
(0.607486 0.274339 0.0119779)
(0.582009 0.324821 0.014182)
(0.55234 0.372961 0.0162838)
(0.518691 0.418415 0.0182684)
(0.481304 0.460854 0.0201213)
(0.44045 0.499972 0.0218292)
(0.396422 0.535488 0.0233799)
(0.349538 0.567146 0.0247621)
(0.300136 0.594717 0.0259659)
(0.248571 0.618004 0.0269826)
(0.195215 0.636838 0.0278049)
(0.140453 0.651083 0.0284269)
(0.0846785 0.660638 0.0288441)
(0.0282941 0.665432 0.0290534)
(-0.0282941 0.665432 0.0290534)
(-0.0846785 0.660638 0.0288441)
(-0.140453 0.651083 0.0284269)
(-0.195215 0.636838 0.0278049)
(-0.248571 0.618004 0.0269826)
(-0.300136 0.594717 0.0259659)
(-0.349538 0.567146 0.0247621)
(-0.396422 0.535488 0.0233799)
(-0.44045 0.499972 0.0218292)
(-0.481304 0.460854 0.0201213)
(-0.518691 0.418415 0.0182684)
(-0.55234 0.372961 0.0162838)
(-0.582009 0.324821 0.014182)
(-0.607486 0.274339 0.0119779)
(-0.628585 0.221882 0.00968757)
(-0.645155 0.167825 0.00732742)
(-0.657077 0.11256 0.00491447)
(-0.664265 0.0564835 0.00246612)
(0.747298 0.0635439 0.00277439)
(0.739212 0.12663 0.00552878)
(0.7258 0.188804 0.00824335)
(0.707158 0.249617 0.0108985)
(0.683421 0.308632 0.0134752)
(0.654761 0.365423 0.0159547)
(0.621382 0.419581 0.0183193)
(0.583527 0.470717 0.0205519)
(0.541467 0.51846 0.0226365)
(0.495506 0.562468 0.0245579)
(0.445975 0.602424 0.0263024)
(0.39323 0.638039 0.0278574)
(0.337653 0.669057 0.0292117)
(0.279642 0.695254 0.0303555)
(0.219617 0.716443 0.0312806)
(0.158009 0.732469 0.0319803)
(0.0952634 0.743217 0.0324496)
(0.0318309 0.748611 0.0326851)
(-0.0318309 0.748611 0.0326851)
(-0.0952634 0.743217 0.0324496)
(-0.158009 0.732469 0.0319803)
(-0.219617 0.716443 0.0312806)
(-0.279642 0.695254 0.0303555)
(-0.337653 0.669057 0.0292117)
(-0.39323 0.638039 0.0278574)
(-0.445975 0.602424 0.0263024)
(-0.495506 0.562468 0.0245579)
(-0.541467 0.51846 0.0226365)
(-0.583527 0.470717 0.0205519)
(-0.621382 0.419581 0.0183193)
(-0.654761 0.365423 0.0159547)
(-0.683421 0.308632 0.0134752)
(-0.707158 0.249617 0.0108985)
(-0.7258 0.188804 0.00824335)
(-0.739212 0.12663 0.00552878)
(-0.747298 0.0635439 0.00277439)
(0.830331 0.0706043 0.00308265)
(0.821347 0.1407 0.00614309)
(0.806444 0.209782 0.00915927)
(0.785731 0.277352 0.0121095)
(0.759357 0.342924 0.0149724)
(0.727512 0.406026 0.0177275)
(0.690425 0.466202 0.0203548)
(0.648363 0.523018 0.0228355)
(0.60163 0.576067 0.0251516)
(0.550562 0.624965 0.0272866)
(0.495528 0.66936 0.0292249)
(0.436923 0.708932 0.0309526)
(0.37517 0.743397 0.0324574)
(0.310714 0.772505 0.0337283)
(0.244019 0.796047 0.0347562)
(0.175566 0.813854 0.0355336)
(0.105848 0.825797 0.0360551)
(0.0353677 0.83179 0.0363167)
(-0.0353677 0.83179 0.0363167)
(-0.105848 0.825797 0.0360551)
(-0.175566 0.813854 0.0355336)
(-0.244019 0.796047 0.0347562)
(-0.310714 0.772505 0.0337283)
(-0.37517 0.743397 0.0324574)
(-0.436923 0.708932 0.0309526)
(-0.495528 0.66936 0.0292249)
(-0.550562 0.624965 0.0272866)
(-0.60163 0.576067 0.0251516)
(-0.648363 0.523018 0.0228355)
(-0.690425 0.466202 0.0203548)
(-0.727512 0.406026 0.0177275)
(-0.759357 0.342924 0.0149724)
(-0.785731 0.277352 0.0121095)
(-0.806444 0.209782 0.00915927)
(-0.821347 0.1407 0.00614309)
(-0.830331 0.0706043 0.00308265)
(0.913364 0.0776648 0.00339092)
(0.903481 0.15477 0.0067574)
(0.887089 0.23076 0.0100752)
(0.864304 0.305087 0.0133204)
(0.835293 0.377217 0.0164696)
(0.800263 0.446628 0.0195002)
(0.759467 0.512822 0.0223903)
(0.713199 0.57532 0.025119)
(0.661793 0.633674 0.0276668)
(0.605618 0.687461 0.0300152)
(0.54508 0.736296 0.0321474)
(0.480615 0.779825 0.0340479)
(0.412687 0.817736 0.0357031)
(0.341785 0.849755 0.0371011)
(0.268421 0.875652 0.0382318)
(0.193123 0.895239 0.039087)
(0.116433 0.908377 0.0396606)
(0.0389044 0.914969 0.0399484)
(-0.0389044 0.914969 0.0399484)
(-0.116433 0.908377 0.0396606)
(-0.193123 0.895239 0.039087)
(-0.268421 0.875652 0.0382318)
(-0.341785 0.849755 0.0371011)
(-0.412687 0.817736 0.0357031)
(-0.480615 0.779825 0.0340479)
(-0.54508 0.736296 0.0321474)
(-0.605618 0.687461 0.0300152)
(-0.661793 0.633674 0.0276668)
(-0.713199 0.57532 0.025119)
(-0.759467 0.512822 0.0223903)
(-0.800263 0.446628 0.0195002)
(-0.835293 0.377217 0.0164696)
(-0.864304 0.305087 0.0133204)
(-0.887089 0.23076 0.0100752)
(-0.903481 0.15477 0.0067574)
(-0.913364 0.0776648 0.00339092)
(0.996397 0.0847252 0.00369918)
(0.985616 0.16884 0.00737171)
(0.967733 0.251738 0.0109911)
(0.942877 0.332823 0.0145314)
(0.911228 0.411509 0.0179669)
(0.873014 0.487231 0.021273)
(0.82851 0.559442 0.0244258)
(0.778036 0.627622 0.0274026)
(0.721956 0.69128 0.0301819)
(0.660675 0.749958 0.0327439)
(0.594633 0.803232 0.0350699)
(0.524307 0.850719 0.0371432)
(0.450204 0.892076 0.0389489)
(0.372856 0.927006 0.040474)
(0.292823 0.955257 0.0417074)
(0.210679 0.976625 0.0426404)
(0.127018 0.990956 0.0432661)
(0.0424412 0.998148 0.0435801)
(-0.0424412 0.998148 0.0435801)
(-0.127018 0.990956 0.0432661)
(-0.210679 0.976625 0.0426404)
(-0.292823 0.955257 0.0417074)
(-0.372856 0.927006 0.040474)
(-0.450204 0.892076 0.0389489)
(-0.524307 0.850719 0.0371432)
(-0.594633 0.803232 0.0350699)
(-0.660675 0.749958 0.0327439)
(-0.721956 0.69128 0.0301819)
(-0.778036 0.627622 0.0274026)
(-0.82851 0.559442 0.0244258)
(-0.873014 0.487231 0.021273)
(-0.911228 0.411509 0.0179669)
(-0.942877 0.332823 0.0145314)
(-0.967733 0.251738 0.0109911)
(-0.985616 0.16884 0.00737171)
(-0.996397 0.0847252 0.00369918)
(1.07943 0.0917856 0.00400745)
(1.06775 0.18291 0.00798602)
(1.04838 0.272716 0.0119071)
(1.02145 0.360558 0.0157423)
(0.987164 0.445802 0.0194641)
(0.945765 0.527833 0.0230457)
(0.897552 0.606062 0.0264612)
(0.842872 0.679924 0.0296861)
(0.782119 0.748887 0.0326971)
(0.715731 0.812454 0.0354725)
(0.644186 0.870168 0.0379924)
(0.568 0.921612 0.0402384)
(0.487721 0.966416 0.0421946)
(0.403928 1.00426 0.0438468)
(0.317225 1.03486 0.045183)
(0.228236 1.05801 0.0461937)
(0.137603 1.07354 0.0468716)
(0.045978 1.08133 0.0472118)
(-0.045978 1.08133 0.0472118)
(-0.137603 1.07354 0.0468716)
(-0.228236 1.05801 0.0461937)
(-0.317225 1.03486 0.045183)
(-0.403928 1.00426 0.0438468)
(-0.487721 0.966416 0.0421946)
(-0.568 0.921612 0.0402384)
(-0.644186 0.870168 0.0379924)
(-0.715731 0.812454 0.0354725)
(-0.782119 0.748887 0.0326971)
(-0.842872 0.679924 0.0296861)
(-0.897552 0.606062 0.0264612)
(-0.945765 0.527833 0.0230457)
(-0.987164 0.445802 0.0194641)
(-1.02145 0.360558 0.0157423)
(-1.04838 0.272716 0.0119071)
(-1.06775 0.18291 0.00798602)
(-1.07943 0.0917856 0.00400745)
(1.16246 0.0988461 0.00431571)
(1.14989 0.19698 0.00860033)
(1.12902 0.293695 0.012823)
(1.10002 0.388293 0.0169532)
(1.0631 0.480094 0.0209614)
(1.01852 0.568436 0.0248184)
(0.966595 0.652682 0.0284967)
(0.907708 0.732226 0.0319697)
(0.842282 0.806494 0.0352123)
(0.770787 0.874951 0.0382012)
(0.693739 0.937104 0.0409148)
(0.611692 0.992505 0.0433337)
(0.525238 1.04076 0.0454404)
(0.434999 1.08151 0.0472196)
(0.341627 1.11447 0.0486586)
(0.245792 1.1394 0.0497471)
(0.148187 1.15612 0.0504771)
(0.0495147 1.16451 0.0508434)
(-0.0495147 1.16451 0.0508434)
(-0.148187 1.15612 0.0504771)
(-0.245792 1.1394 0.0497471)
(-0.341627 1.11447 0.0486586)
(-0.434999 1.08151 0.0472196)
(-0.525238 1.04076 0.0454404)
(-0.611692 0.992505 0.0433337)
(-0.693739 0.937104 0.0409148)
(-0.770787 0.874951 0.0382012)
(-0.842282 0.806494 0.0352123)
(-0.907708 0.732226 0.0319697)
(-0.966595 0.652682 0.0284967)
(-1.01852 0.568436 0.0248184)
(-1.0631 0.480094 0.0209614)
(-1.10002 0.388293 0.0169532)
(-1.12902 0.293695 0.012823)
(-1.14989 0.19698 0.00860033)
(-1.16246 0.0988461 0.00431571)
(1.2455 0.105907 0.00462398)
(1.23202 0.21105 0.00921464)
(1.20967 0.314673 0.0137389)
(1.1786 0.416028 0.0181642)
(1.13904 0.514387 0.0224586)
(1.09127 0.609038 0.0265912)
(1.03564 0.699302 0.0305322)
(0.972545 0.784528 0.0342532)
(0.902445 0.8641 0.0377274)
(0.825843 0.937447 0.0409298)
(0.743291 1.00404 0.0438373)
(0.655384 1.0634 0.046429)
(0.562755 1.11509 0.0486861)
(0.466071 1.15876 0.0505924)
(0.366028 1.19407 0.0521343)
(0.263349 1.22078 0.0533005)
(0.158772 1.2387 0.0540826)
(0.0530515 1.24769 0.0544751)
(-0.0530515 1.24769 0.0544751)
(-0.158772 1.2387 0.0540826)
(-0.263349 1.22078 0.0533005)
(-0.366028 1.19407 0.0521343)
(-0.466071 1.15876 0.0505924)
(-0.562755 1.11509 0.0486861)
(-0.655384 1.0634 0.046429)
(-0.743291 1.00404 0.0438373)
(-0.825843 0.937447 0.0409298)
(-0.902445 0.8641 0.0377274)
(-0.972545 0.784528 0.0342532)
(-1.03564 0.699302 0.0305322)
(-1.09127 0.609038 0.0265912)
(-1.13904 0.514387 0.0224586)
(-1.1786 0.416028 0.0181642)
(-1.20967 0.314673 0.0137389)
(-1.23202 0.21105 0.00921464)
(-1.2455 0.105907 0.00462398)
(1.32853 0.112967 0.00493224)
(1.31415 0.22512 0.00982895)
(1.29031 0.335651 0.0146548)
(1.25717 0.443764 0.0193751)
(1.21497 0.548679 0.0239558)
(1.16402 0.649641 0.0283639)
(1.10468 0.745922 0.0325677)
(1.03738 0.836829 0.0365368)
(0.962608 0.921707 0.0402426)
(0.8809 0.999944 0.0436585)
(0.792844 1.07098 0.0467598)
(0.699076 1.13429 0.0495242)
(0.600272 1.18943 0.0519318)
(0.497142 1.23601 0.0539653)
(0.39043 1.27368 0.0556099)
(0.280906 1.30217 0.0568538)
(0.169357 1.32128 0.0576881)
(0.0565883 1.33086 0.0581068)
(-0.0565883 1.33086 0.0581068)
(-0.169357 1.32128 0.0576881)
(-0.280906 1.30217 0.0568538)
(-0.39043 1.27368 0.0556099)
(-0.497142 1.23601 0.0539653)
(-0.600272 1.18943 0.0519318)
(-0.699076 1.13429 0.0495242)
(-0.792844 1.07098 0.0467598)
(-0.8809 0.999944 0.0436585)
(-0.962608 0.921707 0.0402426)
(-1.03738 0.836829 0.0365368)
(-1.10468 0.745922 0.0325677)
(-1.16402 0.649641 0.0283639)
(-1.21497 0.548679 0.0239558)
(-1.25717 0.443764 0.0193751)
(-1.29031 0.335651 0.0146548)
(-1.31415 0.22512 0.00982895)
(-1.32853 0.112967 0.00493224)
(1.41156 0.120027 0.00524051)
(1.39629 0.23919 0.0104433)
(1.37096 0.356629 0.0155708)
(1.33574 0.471499 0.0205861)
(1.29091 0.582971 0.0254531)
(1.23677 0.690244 0.0301367)
(1.17372 0.792543 0.0346032)
(1.10222 0.889131 0.0388203)
(1.02277 0.979314 0.0427578)
(0.935956 1.06244 0.0463871)
(0.842397 1.13791 0.0496823)
(0.742769 1.20518 0.0526195)
(0.637789 1.26377 0.0551776)
(0.528213 1.31326 0.0573381)
(0.414832 1.35328 0.0590855)
(0.298462 1.38355 0.0604072)
(0.179942 1.40385 0.0612936)
(0.060125 1.41404 0.0617385)
(-0.060125 1.41404 0.0617385)
(-0.179942 1.40385 0.0612936)
(-0.298462 1.38355 0.0604072)
(-0.414832 1.35328 0.0590855)
(-0.528213 1.31326 0.0573381)
(-0.637789 1.26377 0.0551776)
(-0.742769 1.20518 0.0526195)
(-0.842397 1.13791 0.0496823)
(-0.935956 1.06244 0.0463871)
(-1.02277 0.979314 0.0427578)
(-1.10222 0.889131 0.0388203)
(-1.17372 0.792543 0.0346032)
(-1.23677 0.690244 0.0301367)
(-1.29091 0.582971 0.0254531)
(-1.33574 0.471499 0.0205861)
(-1.37096 0.356629 0.0155708)
(-1.39629 0.23919 0.0104433)
(-1.41156 0.120027 0.00524051)
(1.4946 0.127088 0.00554877)
(1.47842 0.25326 0.0110576)
(1.4516 0.377607 0.0164867)
(1.41432 0.499234 0.021797)
(1.36684 0.617264 0.0269503)
(1.30952 0.730846 0.0319094)
(1.24276 0.839163 0.0366386)
(1.16705 0.941433 0.0411039)
(1.08293 1.03692 0.0452729)
(0.991012 1.12494 0.0491158)
(0.89195 1.20485 0.0526048)
(0.786461 1.27608 0.0557148)
(0.675306 1.33811 0.0584233)
(0.559285 1.39051 0.0607109)
(0.439234 1.43289 0.0625611)
(0.316019 1.46494 0.0639605)
(0.190527 1.48643 0.0648991)
(0.0636618 1.49722 0.0653701)
(-0.0636618 1.49722 0.0653701)
(-0.190527 1.48643 0.0648991)
(-0.316019 1.46494 0.0639605)
(-0.439234 1.43289 0.0625611)
(-0.559285 1.39051 0.0607109)
(-0.675306 1.33811 0.0584233)
(-0.786461 1.27608 0.0557148)
(-0.89195 1.20485 0.0526048)
(-0.991012 1.12494 0.0491158)
(-1.08293 1.03692 0.0452729)
(-1.16705 0.941433 0.0411039)
(-1.24276 0.839163 0.0366386)
(-1.30952 0.730846 0.0319094)
(-1.36684 0.617264 0.0269503)
(-1.41432 0.499234 0.021797)
(-1.4516 0.377607 0.0164867)
(-1.47842 0.25326 0.0110576)
(-1.4946 0.127088 0.00554877)
(1.57763 0.134148 0.00585704)
(1.56056 0.26733 0.0116719)
(1.53224 0.398586 0.0174026)
(1.49289 0.526969 0.023008)
(1.44278 0.651556 0.0284476)
(1.38227 0.771449 0.0336822)
(1.31181 0.885783 0.0386741)
(1.23189 0.993735 0.0433874)
(1.1431 1.09453 0.0477881)
(1.04607 1.18743 0.0518445)
(0.941503 1.27178 0.0555273)
(0.830153 1.34697 0.05881)
(0.712823 1.41245 0.0616691)
(0.590356 1.46776 0.0640838)
(0.463636 1.51249 0.0660367)
(0.333576 1.54632 0.0675139)
(0.201112 1.56901 0.0685046)
(0.0671986 1.5804 0.0690018)
(-0.0671986 1.5804 0.0690018)
(-0.201112 1.56901 0.0685046)
(-0.333576 1.54632 0.0675139)
(-0.463636 1.51249 0.0660367)
(-0.590356 1.46776 0.0640838)
(-0.712823 1.41245 0.0616691)
(-0.830153 1.34697 0.05881)
(-0.941503 1.27178 0.0555273)
(-1.04607 1.18743 0.0518445)
(-1.1431 1.09453 0.0477881)
(-1.23189 0.993735 0.0433874)
(-1.31181 0.885783 0.0386741)
(-1.38227 0.771449 0.0336822)
(-1.44278 0.651556 0.0284476)
(-1.49289 0.526969 0.023008)
(-1.53224 0.398586 0.0174026)
(-1.56056 0.26733 0.0116719)
(-1.57763 0.134148 0.00585704)
(1.66066 0.141209 0.0061653)
(1.64269 0.2814 0.0122862)
(1.61289 0.419564 0.0183185)
(1.57146 0.554705 0.0242189)
(1.51871 0.685849 0.0299448)
(1.45502 0.812051 0.0354549)
(1.38085 0.932403 0.0407096)
(1.29673 1.04604 0.045671)
(1.20326 1.15213 0.0503032)
(1.10112 1.24993 0.0545731)
(0.991055 1.33872 0.0584498)
(0.873845 1.41786 0.0619053)
(0.75034 1.48679 0.0649148)
(0.621427 1.54501 0.0674566)
(0.488038 1.59209 0.0695123)
(0.351132 1.62771 0.0710673)
(0.211696 1.65159 0.0721101)
(0.0707353 1.66358 0.0726335)
(-0.0707353 1.66358 0.0726335)
(-0.211696 1.65159 0.0721101)
(-0.351132 1.62771 0.0710673)
(-0.488038 1.59209 0.0695123)
(-0.621427 1.54501 0.0674566)
(-0.75034 1.48679 0.0649148)
(-0.873845 1.41786 0.0619053)
(-0.991055 1.33872 0.0584498)
(-1.10112 1.24993 0.0545731)
(-1.20326 1.15213 0.0503032)
(-1.29673 1.04604 0.045671)
(-1.38085 0.932403 0.0407096)
(-1.45502 0.812051 0.0354549)
(-1.51871 0.685849 0.0299448)
(-1.57146 0.554705 0.0242189)
(-1.61289 0.419564 0.0183185)
(-1.64269 0.2814 0.0122862)
(-1.66066 0.141209 0.0061653)
(1.7437 0.148269 0.00647357)
(1.72483 0.29547 0.0129005)
(1.69353 0.440542 0.0192345)
(1.65004 0.58244 0.0254299)
(1.59465 0.720141 0.031442)
(1.52777 0.852654 0.0372277)
(1.44989 0.979023 0.0427451)
(1.36156 1.09834 0.0479545)
(1.26342 1.20974 0.0528184)
(1.15618 1.31243 0.0573018)
(1.04061 1.40566 0.0613723)
(0.917538 1.48876 0.0650006)
(0.787857 1.56113 0.0681605)
(0.652499 1.62226 0.0708294)
(0.51244 1.6717 0.072988)
(0.368689 1.70909 0.0746206)
(0.222281 1.73417 0.0757157)
(0.0742721 1.74676 0.0762651)
(-0.0742721 1.74676 0.0762651)
(-0.222281 1.73417 0.0757157)
(-0.368689 1.70909 0.0746206)
(-0.51244 1.6717 0.072988)
(-0.652499 1.62226 0.0708294)
(-0.787857 1.56113 0.0681605)
(-0.917538 1.48876 0.0650006)
(-1.04061 1.40566 0.0613723)
(-1.15618 1.31243 0.0573018)
(-1.26342 1.20974 0.0528184)
(-1.36156 1.09834 0.0479545)
(-1.44989 0.979023 0.0427451)
(-1.52777 0.852654 0.0372277)
(-1.59465 0.720141 0.031442)
(-1.65004 0.58244 0.0254299)
(-1.69353 0.440542 0.0192345)
(-1.72483 0.29547 0.0129005)
(-1.7437 0.148269 0.00647357)
(1.82673 0.15533 0.00678183)
(1.80696 0.30954 0.0135148)
(1.77418 0.46152 0.0201504)
(1.72861 0.610175 0.0266408)
(1.67059 0.754434 0.0329393)
(1.60053 0.893256 0.0390004)
(1.51893 1.02564 0.0447806)
(1.4264 1.15064 0.050238)
(1.32359 1.26735 0.0553336)
(1.21124 1.37492 0.0600304)
(1.09016 1.47259 0.0642947)
(0.96123 1.55965 0.0680958)
(0.825374 1.63547 0.0714063)
(0.68357 1.69951 0.0742022)
(0.536842 1.7513 0.0764636)
(0.386245 1.79048 0.078174)
(0.232866 1.81675 0.0793212)
(0.0778089 1.82994 0.0798968)
(-0.0778089 1.82994 0.0798968)
(-0.232866 1.81675 0.0793212)
(-0.386245 1.79048 0.078174)
(-0.536842 1.7513 0.0764636)
(-0.68357 1.69951 0.0742022)
(-0.825374 1.63547 0.0714063)
(-0.96123 1.55965 0.0680958)
(-1.09016 1.47259 0.0642947)
(-1.21124 1.37492 0.0600304)
(-1.32359 1.26735 0.0553336)
(-1.4264 1.15064 0.050238)
(-1.51893 1.02564 0.0447806)
(-1.60053 0.893256 0.0390004)
(-1.67059 0.754434 0.0329393)
(-1.72861 0.610175 0.0266408)
(-1.77418 0.46152 0.0201504)
(-1.80696 0.30954 0.0135148)
(-1.82673 0.15533 0.00678183)
(1.90976 0.16239 0.0070901)
(1.8891 0.32361 0.0141291)
(1.85482 0.482498 0.0210663)
(1.80718 0.63791 0.0278518)
(1.74652 0.788726 0.0344365)
(1.67328 0.933859 0.0407732)
(1.58798 1.07226 0.046816)
(1.49124 1.20294 0.0525216)
(1.38375 1.32495 0.0578487)
(1.26629 1.43742 0.0627591)
(1.13971 1.53953 0.0672172)
(1.00492 1.63054 0.0711911)
(0.862891 1.70981 0.074652)
(0.714642 1.77676 0.0775751)
(0.561244 1.83091 0.0799392)
(0.403802 1.87186 0.0817274)
(0.243451 1.89933 0.0829267)
(0.0813456 1.91312 0.0835285)
(-0.0813456 1.91312 0.0835285)
(-0.243451 1.89933 0.0829267)
(-0.403802 1.87186 0.0817274)
(-0.561244 1.83091 0.0799392)
(-0.714642 1.77676 0.0775751)
(-0.862891 1.70981 0.074652)
(-1.00492 1.63054 0.0711911)
(-1.13971 1.53953 0.0672172)
(-1.26629 1.43742 0.0627591)
(-1.38375 1.32495 0.0578487)
(-1.49124 1.20294 0.0525216)
(-1.58798 1.07226 0.046816)
(-1.67328 0.933859 0.0407732)
(-1.74652 0.788726 0.0344365)
(-1.80718 0.63791 0.0278518)
(-1.85482 0.482498 0.0210663)
(-1.8891 0.32361 0.0141291)
(-1.90976 0.16239 0.0070901)
(1.99279 0.16945 0.00739836)
(1.97123 0.33768 0.0147434)
(1.93547 0.503476 0.0219823)
(1.88575 0.665645 0.0290627)
(1.82246 0.823018 0.0359338)
(1.74603 0.974462 0.0425459)
(1.65702 1.11888 0.0488515)
(1.55607 1.25524 0.0548051)
(1.44391 1.38256 0.0603639)
(1.32135 1.49992 0.0654877)
(1.18927 1.60646 0.0701397)
(1.04861 1.70144 0.0742864)
(0.900407 1.78415 0.0778978)
(0.745713 1.85401 0.0809479)
(0.585646 1.91051 0.0834148)
(0.421359 1.95325 0.0852807)
(0.254036 1.98191 0.0865322)
(0.0848824 1.9963 0.0871602)
(-0.0848824 1.9963 0.0871602)
(-0.254036 1.98191 0.0865322)
(-0.421359 1.95325 0.0852807)
(-0.585646 1.91051 0.0834148)
(-0.745713 1.85401 0.0809479)
(-0.900407 1.78415 0.0778978)
(-1.04861 1.70144 0.0742864)
(-1.18927 1.60646 0.0701397)
(-1.32135 1.49992 0.0654877)
(-1.44391 1.38256 0.0603639)
(-1.55607 1.25524 0.0548051)
(-1.65702 1.11888 0.0488515)
(-1.74603 0.974462 0.0425459)
(-1.82246 0.823018 0.0359338)
(-1.88575 0.665645 0.0290627)
(-1.93547 0.503476 0.0219823)
(-1.97123 0.33768 0.0147434)
(-1.99279 0.16945 0.00739836)
(2.07583 0.176511 0.00770663)
(2.05337 0.35175 0.0153577)
(2.01611 0.524455 0.0228982)
(1.96433 0.693381 0.0302737)
(1.89839 0.857311 0.037431)
(1.81878 1.01506 0.0443187)
(1.72606 1.1655 0.050887)
(1.62091 1.30755 0.0570887)
(1.50408 1.44017 0.0628791)
(1.37641 1.56241 0.0682164)
(1.23882 1.6734 0.0730622)
(1.09231 1.77233 0.0773816)
(0.937924 1.85849 0.0811435)
(0.776784 1.93126 0.0843207)
(0.610047 1.99012 0.0868904)
(0.438915 2.03464 0.0888341)
(0.26462 2.06449 0.0901377)
(0.0884192 2.07948 0.0907918)
(-0.0884192 2.07948 0.0907918)
(-0.26462 2.06449 0.0901377)
(-0.438915 2.03464 0.0888341)
(-0.610047 1.99012 0.0868904)
(-0.776784 1.93126 0.0843207)
(-0.937924 1.85849 0.0811435)
(-1.09231 1.77233 0.0773816)
(-1.23882 1.6734 0.0730622)
(-1.37641 1.56241 0.0682164)
(-1.50408 1.44017 0.0628791)
(-1.62091 1.30755 0.0570887)
(-1.72606 1.1655 0.050887)
(-1.81878 1.01506 0.0443187)
(-1.89839 0.857311 0.037431)
(-1.96433 0.693381 0.0302737)
(-2.01611 0.524455 0.0228982)
(-2.05337 0.35175 0.0153577)
(-2.07583 0.176511 0.00770663)
(2.15886 0.183571 0.0080149)
(2.1355 0.36582 0.015972)
(2.09675 0.545433 0.0238141)
(2.0429 0.721116 0.0314846)
(1.97433 0.891603 0.0389282)
(1.89153 1.05567 0.0460914)
(1.7951 1.21212 0.0529225)
(1.68574 1.35985 0.0593722)
(1.56424 1.49777 0.0653942)
(1.43146 1.62491 0.070945)
(1.28837 1.74034 0.0759847)
(1.136 1.84322 0.0804769)
(0.975441 1.93283 0.0843892)
(0.807856 2.00851 0.0876936)
(0.634449 2.06972 0.090366)
(0.456472 2.11602 0.0923874)
(0.275205 2.14707 0.0937432)
(0.0919559 2.16265 0.0944235)
(-0.0919559 2.16265 0.0944235)
(-0.275205 2.14707 0.0937432)
(-0.456472 2.11602 0.0923874)
(-0.634449 2.06972 0.090366)
(-0.807856 2.00851 0.0876936)
(-0.975441 1.93283 0.0843892)
(-1.136 1.84322 0.0804769)
(-1.28837 1.74034 0.0759847)
(-1.43146 1.62491 0.070945)
(-1.56424 1.49777 0.0653942)
(-1.68574 1.35985 0.0593722)
(-1.7951 1.21212 0.0529225)
(-1.89153 1.05567 0.0460914)
(-1.97433 0.891603 0.0389282)
(-2.0429 0.721116 0.0314846)
(-2.09675 0.545433 0.0238141)
(-2.1355 0.36582 0.015972)
(-2.15886 0.183571 0.0080149)
(2.24189 0.190632 0.00832316)
(2.21764 0.37989 0.0165864)
(2.1774 0.566411 0.02473)
(2.12147 0.748851 0.0326955)
(2.05026 0.925896 0.0404255)
(1.96428 1.09627 0.0478641)
(1.86415 1.25874 0.054958)
(1.75058 1.41215 0.0616558)
(1.6244 1.55538 0.0679094)
(1.48652 1.68741 0.0736737)
(1.33792 1.80727 0.0789072)
(1.17969 1.91412 0.0835722)
(1.01296 2.00717 0.087635)
(0.838927 2.08576 0.0910664)
(0.658851 2.14933 0.0938417)
(0.474028 2.19741 0.0959408)
(0.28579 2.22965 0.0973487)
(0.0954927 2.24583 0.0980552)
(-0.0954927 2.24583 0.0980552)
(-0.28579 2.22965 0.0973487)
(-0.474028 2.19741 0.0959408)
(-0.658851 2.14933 0.0938417)
(-0.838927 2.08576 0.0910664)
(-1.01296 2.00717 0.087635)
(-1.17969 1.91412 0.0835722)
(-1.33792 1.80727 0.0789072)
(-1.48652 1.68741 0.0736737)
(-1.6244 1.55538 0.0679094)
(-1.75058 1.41215 0.0616558)
(-1.86415 1.25874 0.054958)
(-1.96428 1.09627 0.0478641)
(-2.05026 0.925896 0.0404255)
(-2.12147 0.748851 0.0326955)
(-2.1774 0.566411 0.02473)
(-2.21764 0.37989 0.0165864)
(-2.24189 0.190632 0.00832316)
(2.32493 0.197692 0.00863143)
(2.29977 0.39396 0.0172007)
(2.25804 0.587389 0.025646)
(2.20005 0.776586 0.0339065)
(2.1262 0.960188 0.0419227)
(2.03703 1.13687 0.0496369)
(1.93319 1.30536 0.0569934)
(1.81542 1.46445 0.0639393)
(1.68456 1.61299 0.0704245)
(1.54157 1.7499 0.0764024)
(1.38748 1.87421 0.0818297)
(1.22338 1.98501 0.0866674)
(1.05048 2.08151 0.0908807)
(0.869998 2.16301 0.0944392)
(0.683253 2.22893 0.0973173)
(0.491585 2.27879 0.0994942)
(0.296375 2.31223 0.100954)
(0.0990295 2.32901 0.101687)
(-0.0990295 2.32901 0.101687)
(-0.296375 2.31223 0.100954)
(-0.491585 2.27879 0.0994942)
(-0.683253 2.22893 0.0973173)
(-0.869998 2.16301 0.0944392)
(-1.05048 2.08151 0.0908807)
(-1.22338 1.98501 0.0866674)
(-1.38748 1.87421 0.0818297)
(-1.54157 1.7499 0.0764024)
(-1.68456 1.61299 0.0704245)
(-1.81542 1.46445 0.0639393)
(-1.93319 1.30536 0.0569934)
(-2.03703 1.13687 0.0496369)
(-2.1262 0.960188 0.0419227)
(-2.20005 0.776586 0.0339065)
(-2.25804 0.587389 0.025646)
(-2.29977 0.39396 0.0172007)
(-2.32493 0.197692 0.00863143)
(2.40796 0.204753 0.00893969)
(2.38191 0.40803 0.017815)
(2.33869 0.608367 0.0265619)
(2.27862 0.804322 0.0351174)
(2.20214 0.994481 0.04342)
(2.10978 1.17747 0.0514096)
(2.00223 1.35198 0.0590289)
(1.88025 1.51675 0.0662229)
(1.74473 1.67059 0.0729397)
(1.59663 1.8124 0.079131)
(1.43703 1.94114 0.0847522)
(1.26708 2.0559 0.0897627)
(1.08799 2.15585 0.0941265)
(0.90107 2.24026 0.097812)
(0.707655 2.30854 0.100793)
(0.509142 2.36018 0.103048)
(0.30696 2.39481 0.10456)
(0.102566 2.41219 0.105319)
(-0.102566 2.41219 0.105319)
(-0.30696 2.39481 0.10456)
(-0.509142 2.36018 0.103048)
(-0.707655 2.30854 0.100793)
(-0.90107 2.24026 0.097812)
(-1.08799 2.15585 0.0941265)
(-1.26708 2.0559 0.0897627)
(-1.43703 1.94114 0.0847522)
(-1.59663 1.8124 0.079131)
(-1.74473 1.67059 0.0729397)
(-1.88025 1.51675 0.0662229)
(-2.00223 1.35198 0.0590289)
(-2.10978 1.17747 0.0514096)
(-2.20214 0.994481 0.04342)
(-2.27862 0.804322 0.0351174)
(-2.33869 0.608367 0.0265619)
(-2.38191 0.40803 0.017815)
(-2.40796 0.204753 0.00893969)
(2.49099 0.211813 0.00924796)
(2.46404 0.4221 0.0184293)
(2.41933 0.629346 0.0274778)
(2.35719 0.832057 0.0363284)
(2.27807 1.02877 0.0449172)
(2.18254 1.21808 0.0531824)
(2.07127 1.3986 0.0610644)
(1.94509 1.56906 0.0685064)
(1.80489 1.7282 0.0754549)
(1.65169 1.87489 0.0818597)
(1.48658 2.00808 0.0876747)
(1.31077 2.1268 0.0928579)
(1.12551 2.23019 0.0973722)
(0.932141 2.31751 0.101185)
(0.732057 2.38814 0.104269)
(0.526698 2.44156 0.106601)
(0.317545 2.47739 0.108165)
(0.106103 2.49537 0.10895)
(-0.106103 2.49537 0.10895)
(-0.317545 2.47739 0.108165)
(-0.526698 2.44156 0.106601)
(-0.732057 2.38814 0.104269)
(-0.932141 2.31751 0.101185)
(-1.12551 2.23019 0.0973722)
(-1.31077 2.1268 0.0928579)
(-1.48658 2.00808 0.0876747)
(-1.65169 1.87489 0.0818597)
(-1.80489 1.7282 0.0754549)
(-1.94509 1.56906 0.0685064)
(-2.07127 1.3986 0.0610644)
(-2.18254 1.21808 0.0531824)
(-2.27807 1.02877 0.0449172)
(-2.35719 0.832057 0.0363284)
(-2.41933 0.629346 0.0274778)
(-2.46404 0.4221 0.0184293)
(-2.49099 0.211813 0.00924796)
(0.498199 0.0423626 0.00184959)
(0.492808 0.08442 0.00368586)
(0.483866 0.125869 0.00549556)
(0.471439 0.166411 0.00726568)
(0.455614 0.205755 0.00898344)
(0.436507 0.243615 0.0106365)
(0.414255 0.279721 0.0122129)
(0.389018 0.313811 0.0137013)
(0.360978 0.34564 0.015091)
(0.330337 0.374979 0.0163719)
(0.297317 0.401616 0.0175349)
(0.262154 0.425359 0.0185716)
(0.225102 0.446038 0.0194744)
(0.186428 0.463503 0.020237)
(0.146411 0.477628 0.0208537)
(0.10534 0.488312 0.0213202)
(0.0635089 0.495478 0.021633)
(0.0212206 0.499074 0.02179)
(-0.0212206 0.499074 0.02179)
(-0.0635089 0.495478 0.021633)
(-0.10534 0.488312 0.0213202)
(-0.146411 0.477628 0.0208537)
(-0.186428 0.463503 0.020237)
(-0.225102 0.446038 0.0194744)
(-0.262154 0.425359 0.0185716)
(-0.297317 0.401616 0.0175349)
(-0.330337 0.374979 0.0163719)
(-0.360978 0.34564 0.015091)
(-0.389018 0.313811 0.0137013)
(-0.414255 0.279721 0.0122129)
(-0.436507 0.243615 0.0106365)
(-0.455614 0.205755 0.00898344)
(-0.471439 0.166411 0.00726568)
(-0.483866 0.125869 0.00549556)
(-0.492808 0.08442 0.00368586)
(-0.498199 0.0423626 0.00184959)
(0.581232 0.049423 -0.00215786)
(0.574943 0.09849 -0.00430017)
(0.564511 0.146847 -0.00641149)
(0.550012 0.194147 -0.00847662)
(0.53155 0.240047 -0.0104807)
(0.509258 0.284218 -0.0124092)
(0.483297 0.326341 -0.0142484)
(0.453854 0.366113 -0.0159848)
(0.421141 0.403247 -0.0176061)
(0.385394 0.437475 -0.0191006)
(0.346869 0.468552 -0.0204574)
(0.305846 0.496253 -0.0216669)
(0.262619 0.520378 -0.0227202)
(0.2175 0.540753 -0.0236098)
(0.170813 0.557233 -0.0243293)
(0.122896 0.569698 -0.0248735)
(0.0740937 0.578058 -0.0252386)
(0.0247574 0.582253 -0.0254217)
(-0.0247574 0.582253 -0.0254217)
(-0.0740937 0.578058 -0.0252386)
(-0.122896 0.569698 -0.0248735)
(-0.170813 0.557233 -0.0243293)
(-0.2175 0.540753 -0.0236098)
(-0.262619 0.520378 -0.0227202)
(-0.305846 0.496253 -0.0216669)
(-0.346869 0.468552 -0.0204574)
(-0.385394 0.437475 -0.0191006)
(-0.421141 0.403247 -0.0176061)
(-0.453854 0.366113 -0.0159848)
(-0.483297 0.326341 -0.0142484)
(-0.509258 0.284218 -0.0124092)
(-0.53155 0.240047 -0.0104807)
(-0.550012 0.194147 -0.00847662)
(-0.564511 0.146847 -0.00641149)
(-0.574943 0.09849 -0.00430017)
(-0.581232 0.049423 -0.00215786)
(0.664265 0.0564835 -0.00246612)
(0.657077 0.11256 -0.00491447)
(0.645155 0.167825 -0.00732742)
(0.628585 0.221882 -0.00968757)
(0.607486 0.274339 -0.0119779)
(0.582009 0.324821 -0.014182)
(0.55234 0.372961 -0.0162838)
(0.518691 0.418415 -0.0182684)
(0.481304 0.460854 -0.0201213)
(0.44045 0.499972 -0.0218292)
(0.396422 0.535488 -0.0233799)
(0.349538 0.567146 -0.0247621)
(0.300136 0.594717 -0.0259659)
(0.248571 0.618004 -0.0269826)
(0.195215 0.636838 -0.0278049)
(0.140453 0.651083 -0.0284269)
(0.0846785 0.660638 -0.0288441)
(0.0282941 0.665432 -0.0290534)
(-0.0282941 0.665432 -0.0290534)
(-0.0846785 0.660638 -0.0288441)
(-0.140453 0.651083 -0.0284269)
(-0.195215 0.636838 -0.0278049)
(-0.248571 0.618004 -0.0269826)
(-0.300136 0.594717 -0.0259659)
(-0.349538 0.567146 -0.0247621)
(-0.396422 0.535488 -0.0233799)
(-0.44045 0.499972 -0.0218292)
(-0.481304 0.460854 -0.0201213)
(-0.518691 0.418415 -0.0182684)
(-0.55234 0.372961 -0.0162838)
(-0.582009 0.324821 -0.014182)
(-0.607486 0.274339 -0.0119779)
(-0.628585 0.221882 -0.00968757)
(-0.645155 0.167825 -0.00732742)
(-0.657077 0.11256 -0.00491447)
(-0.664265 0.0564835 -0.00246612)
(0.747298 0.0635439 -0.00277439)
(0.739212 0.12663 -0.00552878)
(0.7258 0.188804 -0.00824335)
(0.707158 0.249617 -0.0108985)
(0.683421 0.308632 -0.0134752)
(0.654761 0.365423 -0.0159547)
(0.621382 0.419581 -0.0183193)
(0.583527 0.470717 -0.0205519)
(0.541467 0.51846 -0.0226365)
(0.495506 0.562468 -0.0245579)
(0.445975 0.602424 -0.0263024)
(0.39323 0.638039 -0.0278574)
(0.337653 0.669057 -0.0292117)
(0.279642 0.695254 -0.0303555)
(0.219617 0.716443 -0.0312806)
(0.158009 0.732469 -0.0319803)
(0.0952634 0.743217 -0.0324496)
(0.0318309 0.748611 -0.0326851)
(-0.0318309 0.748611 -0.0326851)
(-0.0952634 0.743217 -0.0324496)
(-0.158009 0.732469 -0.0319803)
(-0.219617 0.716443 -0.0312806)
(-0.279642 0.695254 -0.0303555)
(-0.337653 0.669057 -0.0292117)
(-0.39323 0.638039 -0.0278574)
(-0.445975 0.602424 -0.0263024)
(-0.495506 0.562468 -0.0245579)
(-0.541467 0.51846 -0.0226365)
(-0.583527 0.470717 -0.0205519)
(-0.621382 0.419581 -0.0183193)
(-0.654761 0.365423 -0.0159547)
(-0.683421 0.308632 -0.0134752)
(-0.707158 0.249617 -0.0108985)
(-0.7258 0.188804 -0.00824335)
(-0.739212 0.12663 -0.00552878)
(-0.747298 0.0635439 -0.00277439)
(0.830331 0.0706043 -0.00308265)
(0.821347 0.1407 -0.00614309)
(0.806444 0.209782 -0.00915927)
(0.785731 0.277352 -0.0121095)
(0.759357 0.342924 -0.0149724)
(0.727512 0.406026 -0.0177275)
(0.690425 0.466202 -0.0203548)
(0.648363 0.523018 -0.0228355)
(0.60163 0.576067 -0.0251516)
(0.550562 0.624965 -0.0272866)
(0.495528 0.66936 -0.0292249)
(0.436923 0.708932 -0.0309526)
(0.37517 0.743397 -0.0324574)
(0.310714 0.772505 -0.0337283)
(0.244019 0.796047 -0.0347562)
(0.175566 0.813854 -0.0355336)
(0.105848 0.825797 -0.0360551)
(0.0353677 0.83179 -0.0363167)
(-0.0353677 0.83179 -0.0363167)
(-0.105848 0.825797 -0.0360551)
(-0.175566 0.813854 -0.0355336)
(-0.244019 0.796047 -0.0347562)
(-0.310714 0.772505 -0.0337283)
(-0.37517 0.743397 -0.0324574)
(-0.436923 0.708932 -0.0309526)
(-0.495528 0.66936 -0.0292249)
(-0.550562 0.624965 -0.0272866)
(-0.60163 0.576067 -0.0251516)
(-0.648363 0.523018 -0.0228355)
(-0.690425 0.466202 -0.0203548)
(-0.727512 0.406026 -0.0177275)
(-0.759357 0.342924 -0.0149724)
(-0.785731 0.277352 -0.0121095)
(-0.806444 0.209782 -0.00915927)
(-0.821347 0.1407 -0.00614309)
(-0.830331 0.0706043 -0.00308265)
(0.913364 0.0776648 -0.00339092)
(0.903481 0.15477 -0.0067574)
(0.887089 0.23076 -0.0100752)
(0.864304 0.305087 -0.0133204)
(0.835293 0.377217 -0.0164696)
(0.800263 0.446628 -0.0195002)
(0.759467 0.512822 -0.0223903)
(0.713199 0.57532 -0.025119)
(0.661793 0.633674 -0.0276668)
(0.605618 0.687461 -0.0300152)
(0.54508 0.736296 -0.0321474)
(0.480615 0.779825 -0.0340479)
(0.412687 0.817736 -0.0357031)
(0.341785 0.849755 -0.0371011)
(0.268421 0.875652 -0.0382318)
(0.193123 0.895239 -0.039087)
(0.116433 0.908377 -0.0396606)
(0.0389044 0.914969 -0.0399484)
(-0.0389044 0.914969 -0.0399484)
(-0.116433 0.908377 -0.0396606)
(-0.193123 0.895239 -0.039087)
(-0.268421 0.875652 -0.0382318)
(-0.341785 0.849755 -0.0371011)
(-0.412687 0.817736 -0.0357031)
(-0.480615 0.779825 -0.0340479)
(-0.54508 0.736296 -0.0321474)
(-0.605618 0.687461 -0.0300152)
(-0.661793 0.633674 -0.0276668)
(-0.713199 0.57532 -0.025119)
(-0.759467 0.512822 -0.0223903)
(-0.800263 0.446628 -0.0195002)
(-0.835293 0.377217 -0.0164696)
(-0.864304 0.305087 -0.0133204)
(-0.887089 0.23076 -0.0100752)
(-0.903481 0.15477 -0.0067574)
(-0.913364 0.0776648 -0.00339092)
(0.996397 0.0847252 -0.00369918)
(0.985616 0.16884 -0.00737171)
(0.967733 0.251738 -0.0109911)
(0.942877 0.332823 -0.0145314)
(0.911228 0.411509 -0.0179669)
(0.873014 0.487231 -0.021273)
(0.82851 0.559442 -0.0244258)
(0.778036 0.627622 -0.0274026)
(0.721956 0.69128 -0.0301819)
(0.660675 0.749958 -0.0327439)
(0.594633 0.803232 -0.0350699)
(0.524307 0.850719 -0.0371432)
(0.450204 0.892076 -0.0389489)
(0.372856 0.927006 -0.040474)
(0.292823 0.955257 -0.0417074)
(0.210679 0.976625 -0.0426404)
(0.127018 0.990956 -0.0432661)
(0.0424412 0.998148 -0.0435801)
(-0.0424412 0.998148 -0.0435801)
(-0.127018 0.990956 -0.0432661)
(-0.210679 0.976625 -0.0426404)
(-0.292823 0.955257 -0.0417074)
(-0.372856 0.927006 -0.040474)
(-0.450204 0.892076 -0.0389489)
(-0.524307 0.850719 -0.0371432)
(-0.594633 0.803232 -0.0350699)
(-0.660675 0.749958 -0.0327439)
(-0.721956 0.69128 -0.0301819)
(-0.778036 0.627622 -0.0274026)
(-0.82851 0.559442 -0.0244258)
(-0.873014 0.487231 -0.021273)
(-0.911228 0.411509 -0.0179669)
(-0.942877 0.332823 -0.0145314)
(-0.967733 0.251738 -0.0109911)
(-0.985616 0.16884 -0.00737171)
(-0.996397 0.0847252 -0.00369918)
(1.07943 0.0917856 -0.00400745)
(1.06775 0.18291 -0.00798602)
(1.04838 0.272716 -0.0119071)
(1.02145 0.360558 -0.0157423)
(0.987164 0.445802 -0.0194641)
(0.945765 0.527833 -0.0230457)
(0.897552 0.606062 -0.0264612)
(0.842872 0.679924 -0.0296861)
(0.782119 0.748887 -0.0326971)
(0.715731 0.812454 -0.0354725)
(0.644186 0.870168 -0.0379924)
(0.568 0.921612 -0.0402384)
(0.487721 0.966416 -0.0421946)
(0.403928 1.00426 -0.0438468)
(0.317225 1.03486 -0.045183)
(0.228236 1.05801 -0.0461937)
(0.137603 1.07354 -0.0468716)
(0.045978 1.08133 -0.0472118)
(-0.045978 1.08133 -0.0472118)
(-0.137603 1.07354 -0.0468716)
(-0.228236 1.05801 -0.0461937)
(-0.317225 1.03486 -0.045183)
(-0.403928 1.00426 -0.0438468)
(-0.487721 0.966416 -0.0421946)
(-0.568 0.921612 -0.0402384)
(-0.644186 0.870168 -0.0379924)
(-0.715731 0.812454 -0.0354725)
(-0.782119 0.748887 -0.0326971)
(-0.842872 0.679924 -0.0296861)
(-0.897552 0.606062 -0.0264612)
(-0.945765 0.527833 -0.0230457)
(-0.987164 0.445802 -0.0194641)
(-1.02145 0.360558 -0.0157423)
(-1.04838 0.272716 -0.0119071)
(-1.06775 0.18291 -0.00798602)
(-1.07943 0.0917856 -0.00400745)
(1.16246 0.0988461 -0.00431571)
(1.14989 0.19698 -0.00860033)
(1.12902 0.293695 -0.012823)
(1.10002 0.388293 -0.0169532)
(1.0631 0.480094 -0.0209614)
(1.01852 0.568436 -0.0248184)
(0.966595 0.652682 -0.0284967)
(0.907708 0.732226 -0.0319697)
(0.842282 0.806494 -0.0352123)
(0.770787 0.874951 -0.0382012)
(0.693739 0.937104 -0.0409148)
(0.611692 0.992505 -0.0433337)
(0.525238 1.04076 -0.0454404)
(0.434999 1.08151 -0.0472196)
(0.341627 1.11447 -0.0486586)
(0.245792 1.1394 -0.0497471)
(0.148187 1.15612 -0.0504771)
(0.0495147 1.16451 -0.0508434)
(-0.0495147 1.16451 -0.0508434)
(-0.148187 1.15612 -0.0504771)
(-0.245792 1.1394 -0.0497471)
(-0.341627 1.11447 -0.0486586)
(-0.434999 1.08151 -0.0472196)
(-0.525238 1.04076 -0.0454404)
(-0.611692 0.992505 -0.0433337)
(-0.693739 0.937104 -0.0409148)
(-0.770787 0.874951 -0.0382012)
(-0.842282 0.806494 -0.0352123)
(-0.907708 0.732226 -0.0319697)
(-0.966595 0.652682 -0.0284967)
(-1.01852 0.568436 -0.0248184)
(-1.0631 0.480094 -0.0209614)
(-1.10002 0.388293 -0.0169532)
(-1.12902 0.293695 -0.012823)
(-1.14989 0.19698 -0.00860033)
(-1.16246 0.0988461 -0.00431571)
(1.2455 0.105907 -0.00462398)
(1.23202 0.21105 -0.00921464)
(1.20967 0.314673 -0.0137389)
(1.1786 0.416028 -0.0181642)
(1.13904 0.514387 -0.0224586)
(1.09127 0.609038 -0.0265912)
(1.03564 0.699302 -0.0305322)
(0.972545 0.784528 -0.0342532)
(0.902445 0.8641 -0.0377274)
(0.825843 0.937447 -0.0409298)
(0.743291 1.00404 -0.0438373)
(0.655384 1.0634 -0.046429)
(0.562755 1.11509 -0.0486861)
(0.466071 1.15876 -0.0505924)
(0.366028 1.19407 -0.0521343)
(0.263349 1.22078 -0.0533005)
(0.158772 1.2387 -0.0540826)
(0.0530515 1.24769 -0.0544751)
(-0.0530515 1.24769 -0.0544751)
(-0.158772 1.2387 -0.0540826)
(-0.263349 1.22078 -0.0533005)
(-0.366028 1.19407 -0.0521343)
(-0.466071 1.15876 -0.0505924)
(-0.562755 1.11509 -0.0486861)
(-0.655384 1.0634 -0.046429)
(-0.743291 1.00404 -0.0438373)
(-0.825843 0.937447 -0.0409298)
(-0.902445 0.8641 -0.0377274)
(-0.972545 0.784528 -0.0342532)
(-1.03564 0.699302 -0.0305322)
(-1.09127 0.609038 -0.0265912)
(-1.13904 0.514387 -0.0224586)
(-1.1786 0.416028 -0.0181642)
(-1.20967 0.314673 -0.0137389)
(-1.23202 0.21105 -0.00921464)
(-1.2455 0.105907 -0.00462398)
(1.32853 0.112967 -0.00493224)
(1.31415 0.22512 -0.00982895)
(1.29031 0.335651 -0.0146548)
(1.25717 0.443764 -0.0193751)
(1.21497 0.548679 -0.0239558)
(1.16402 0.649641 -0.0283639)
(1.10468 0.745922 -0.0325677)
(1.03738 0.836829 -0.0365368)
(0.962608 0.921707 -0.0402426)
(0.8809 0.999944 -0.0436585)
(0.792844 1.07098 -0.0467598)
(0.699076 1.13429 -0.0495242)
(0.600272 1.18943 -0.0519318)
(0.497142 1.23601 -0.0539653)
(0.39043 1.27368 -0.0556099)
(0.280906 1.30217 -0.0568538)
(0.169357 1.32128 -0.0576881)
(0.0565883 1.33086 -0.0581068)
(-0.0565883 1.33086 -0.0581068)
(-0.169357 1.32128 -0.0576881)
(-0.280906 1.30217 -0.0568538)
(-0.39043 1.27368 -0.0556099)
(-0.497142 1.23601 -0.0539653)
(-0.600272 1.18943 -0.0519318)
(-0.699076 1.13429 -0.0495242)
(-0.792844 1.07098 -0.0467598)
(-0.8809 0.999944 -0.0436585)
(-0.962608 0.921707 -0.0402426)
(-1.03738 0.836829 -0.0365368)
(-1.10468 0.745922 -0.0325677)
(-1.16402 0.649641 -0.0283639)
(-1.21497 0.548679 -0.0239558)
(-1.25717 0.443764 -0.0193751)
(-1.29031 0.335651 -0.0146548)
(-1.31415 0.22512 -0.00982895)
(-1.32853 0.112967 -0.00493224)
(1.41156 0.120027 -0.00524051)
(1.39629 0.23919 -0.0104433)
(1.37096 0.356629 -0.0155708)
(1.33574 0.471499 -0.0205861)
(1.29091 0.582971 -0.0254531)
(1.23677 0.690244 -0.0301367)
(1.17372 0.792543 -0.0346032)
(1.10222 0.889131 -0.0388203)
(1.02277 0.979314 -0.0427578)
(0.935956 1.06244 -0.0463871)
(0.842397 1.13791 -0.0496823)
(0.742769 1.20518 -0.0526195)
(0.637789 1.26377 -0.0551776)
(0.528213 1.31326 -0.0573381)
(0.414832 1.35328 -0.0590855)
(0.298462 1.38355 -0.0604072)
(0.179942 1.40385 -0.0612936)
(0.060125 1.41404 -0.0617385)
(-0.060125 1.41404 -0.0617385)
(-0.179942 1.40385 -0.0612936)
(-0.298462 1.38355 -0.0604072)
(-0.414832 1.35328 -0.0590855)
(-0.528213 1.31326 -0.0573381)
(-0.637789 1.26377 -0.0551776)
(-0.742769 1.20518 -0.0526195)
(-0.842397 1.13791 -0.0496823)
(-0.935956 1.06244 -0.0463871)
(-1.02277 0.979314 -0.0427578)
(-1.10222 0.889131 -0.0388203)
(-1.17372 0.792543 -0.0346032)
(-1.23677 0.690244 -0.0301367)
(-1.29091 0.582971 -0.0254531)
(-1.33574 0.471499 -0.0205861)
(-1.37096 0.356629 -0.0155708)
(-1.39629 0.23919 -0.0104433)
(-1.41156 0.120027 -0.00524051)
(1.4946 0.127088 -0.00554877)
(1.47842 0.25326 -0.0110576)
(1.4516 0.377607 -0.0164867)
(1.41432 0.499234 -0.021797)
(1.36684 0.617264 -0.0269503)
(1.30952 0.730846 -0.0319094)
(1.24276 0.839163 -0.0366386)
(1.16705 0.941433 -0.0411039)
(1.08293 1.03692 -0.0452729)
(0.991012 1.12494 -0.0491158)
(0.89195 1.20485 -0.0526048)
(0.786461 1.27608 -0.0557148)
(0.675306 1.33811 -0.0584233)
(0.559285 1.39051 -0.0607109)
(0.439234 1.43289 -0.0625611)
(0.316019 1.46494 -0.0639605)
(0.190527 1.48643 -0.0648991)
(0.0636618 1.49722 -0.0653701)
(-0.0636618 1.49722 -0.0653701)
(-0.190527 1.48643 -0.0648991)
(-0.316019 1.46494 -0.0639605)
(-0.439234 1.43289 -0.0625611)
(-0.559285 1.39051 -0.0607109)
(-0.675306 1.33811 -0.0584233)
(-0.786461 1.27608 -0.0557148)
(-0.89195 1.20485 -0.0526048)
(-0.991012 1.12494 -0.0491158)
(-1.08293 1.03692 -0.0452729)
(-1.16705 0.941433 -0.0411039)
(-1.24276 0.839163 -0.0366386)
(-1.30952 0.730846 -0.0319094)
(-1.36684 0.617264 -0.0269503)
(-1.41432 0.499234 -0.021797)
(-1.4516 0.377607 -0.0164867)
(-1.47842 0.25326 -0.0110576)
(-1.4946 0.127088 -0.00554877)
(1.57763 0.134148 -0.00585704)
(1.56056 0.26733 -0.0116719)
(1.53224 0.398586 -0.0174026)
(1.49289 0.526969 -0.023008)
(1.44278 0.651556 -0.0284476)
(1.38227 0.771449 -0.0336822)
(1.31181 0.885783 -0.0386741)
(1.23189 0.993735 -0.0433874)
(1.1431 1.09453 -0.0477881)
(1.04607 1.18743 -0.0518445)
(0.941503 1.27178 -0.0555273)
(0.830153 1.34697 -0.05881)
(0.712823 1.41245 -0.0616691)
(0.590356 1.46776 -0.0640838)
(0.463636 1.51249 -0.0660367)
(0.333576 1.54632 -0.0675139)
(0.201112 1.56901 -0.0685046)
(0.0671986 1.5804 -0.0690018)
(-0.0671986 1.5804 -0.0690018)
(-0.201112 1.56901 -0.0685046)
(-0.333576 1.54632 -0.0675139)
(-0.463636 1.51249 -0.0660367)
(-0.590356 1.46776 -0.0640838)
(-0.712823 1.41245 -0.0616691)
(-0.830153 1.34697 -0.05881)
(-0.941503 1.27178 -0.0555273)
(-1.04607 1.18743 -0.0518445)
(-1.1431 1.09453 -0.0477881)
(-1.23189 0.993735 -0.0433874)
(-1.31181 0.885783 -0.0386741)
(-1.38227 0.771449 -0.0336822)
(-1.44278 0.651556 -0.0284476)
(-1.49289 0.526969 -0.023008)
(-1.53224 0.398586 -0.0174026)
(-1.56056 0.26733 -0.0116719)
(-1.57763 0.134148 -0.00585704)
(1.66066 0.141209 -0.0061653)
(1.64269 0.2814 -0.0122862)
(1.61289 0.419564 -0.0183185)
(1.57146 0.554705 -0.0242189)
(1.51871 0.685849 -0.0299448)
(1.45502 0.812051 -0.0354549)
(1.38085 0.932403 -0.0407096)
(1.29673 1.04604 -0.045671)
(1.20326 1.15213 -0.0503032)
(1.10112 1.24993 -0.0545731)
(0.991055 1.33872 -0.0584498)
(0.873845 1.41786 -0.0619053)
(0.75034 1.48679 -0.0649148)
(0.621427 1.54501 -0.0674566)
(0.488038 1.59209 -0.0695123)
(0.351132 1.62771 -0.0710673)
(0.211696 1.65159 -0.0721101)
(0.0707353 1.66358 -0.0726335)
(-0.0707353 1.66358 -0.0726335)
(-0.211696 1.65159 -0.0721101)
(-0.351132 1.62771 -0.0710673)
(-0.488038 1.59209 -0.0695123)
(-0.621427 1.54501 -0.0674566)
(-0.75034 1.48679 -0.0649148)
(-0.873845 1.41786 -0.0619053)
(-0.991055 1.33872 -0.0584498)
(-1.10112 1.24993 -0.0545731)
(-1.20326 1.15213 -0.0503032)
(-1.29673 1.04604 -0.045671)
(-1.38085 0.932403 -0.0407096)
(-1.45502 0.812051 -0.0354549)
(-1.51871 0.685849 -0.0299448)
(-1.57146 0.554705 -0.0242189)
(-1.61289 0.419564 -0.0183185)
(-1.64269 0.2814 -0.0122862)
(-1.66066 0.141209 -0.0061653)
(1.7437 0.148269 -0.00647357)
(1.72483 0.29547 -0.0129005)
(1.69353 0.440542 -0.0192345)
(1.65004 0.58244 -0.0254299)
(1.59465 0.720141 -0.031442)
(1.52777 0.852654 -0.0372277)
(1.44989 0.979023 -0.0427451)
(1.36156 1.09834 -0.0479545)
(1.26342 1.20974 -0.0528184)
(1.15618 1.31243 -0.0573018)
(1.04061 1.40566 -0.0613723)
(0.917538 1.48876 -0.0650006)
(0.787857 1.56113 -0.0681605)
(0.652499 1.62226 -0.0708294)
(0.51244 1.6717 -0.072988)
(0.368689 1.70909 -0.0746206)
(0.222281 1.73417 -0.0757157)
(0.0742721 1.74676 -0.0762651)
(-0.0742721 1.74676 -0.0762651)
(-0.222281 1.73417 -0.0757157)
(-0.368689 1.70909 -0.0746206)
(-0.51244 1.6717 -0.072988)
(-0.652499 1.62226 -0.0708294)
(-0.787857 1.56113 -0.0681605)
(-0.917538 1.48876 -0.0650006)
(-1.04061 1.40566 -0.0613723)
(-1.15618 1.31243 -0.0573018)
(-1.26342 1.20974 -0.0528184)
(-1.36156 1.09834 -0.0479545)
(-1.44989 0.979023 -0.0427451)
(-1.52777 0.852654 -0.0372277)
(-1.59465 0.720141 -0.031442)
(-1.65004 0.58244 -0.0254299)
(-1.69353 0.440542 -0.0192345)
(-1.72483 0.29547 -0.0129005)
(-1.7437 0.148269 -0.00647357)
(1.82673 0.15533 -0.00678183)
(1.80696 0.30954 -0.0135148)
(1.77418 0.46152 -0.0201504)
(1.72861 0.610175 -0.0266408)
(1.67059 0.754434 -0.0329393)
(1.60053 0.893256 -0.0390004)
(1.51893 1.02564 -0.0447806)
(1.4264 1.15064 -0.050238)
(1.32359 1.26735 -0.0553336)
(1.21124 1.37492 -0.0600304)
(1.09016 1.47259 -0.0642947)
(0.96123 1.55965 -0.0680958)
(0.825374 1.63547 -0.0714063)
(0.68357 1.69951 -0.0742022)
(0.536842 1.7513 -0.0764636)
(0.386245 1.79048 -0.078174)
(0.232866 1.81675 -0.0793212)
(0.0778089 1.82994 -0.0798968)
(-0.0778089 1.82994 -0.0798968)
(-0.232866 1.81675 -0.0793212)
(-0.386245 1.79048 -0.078174)
(-0.536842 1.7513 -0.0764636)
(-0.68357 1.69951 -0.0742022)
(-0.825374 1.63547 -0.0714063)
(-0.96123 1.55965 -0.0680958)
(-1.09016 1.47259 -0.0642947)
(-1.21124 1.37492 -0.0600304)
(-1.32359 1.26735 -0.0553336)
(-1.4264 1.15064 -0.050238)
(-1.51893 1.02564 -0.0447806)
(-1.60053 0.893256 -0.0390004)
(-1.67059 0.754434 -0.0329393)
(-1.72861 0.610175 -0.0266408)
(-1.77418 0.46152 -0.0201504)
(-1.80696 0.30954 -0.0135148)
(-1.82673 0.15533 -0.00678183)
(1.90976 0.16239 -0.0070901)
(1.8891 0.32361 -0.0141291)
(1.85482 0.482498 -0.0210663)
(1.80718 0.63791 -0.0278518)
(1.74652 0.788726 -0.0344365)
(1.67328 0.933859 -0.0407732)
(1.58798 1.07226 -0.046816)
(1.49124 1.20294 -0.0525216)
(1.38375 1.32495 -0.0578487)
(1.26629 1.43742 -0.0627591)
(1.13971 1.53953 -0.0672172)
(1.00492 1.63054 -0.0711911)
(0.862891 1.70981 -0.074652)
(0.714642 1.77676 -0.0775751)
(0.561244 1.83091 -0.0799392)
(0.403802 1.87186 -0.0817274)
(0.243451 1.89933 -0.0829267)
(0.0813456 1.91312 -0.0835285)
(-0.0813456 1.91312 -0.0835285)
(-0.243451 1.89933 -0.0829267)
(-0.403802 1.87186 -0.0817274)
(-0.561244 1.83091 -0.0799392)
(-0.714642 1.77676 -0.0775751)
(-0.862891 1.70981 -0.074652)
(-1.00492 1.63054 -0.0711911)
(-1.13971 1.53953 -0.0672172)
(-1.26629 1.43742 -0.0627591)
(-1.38375 1.32495 -0.0578487)
(-1.49124 1.20294 -0.0525216)
(-1.58798 1.07226 -0.046816)
(-1.67328 0.933859 -0.0407732)
(-1.74652 0.788726 -0.0344365)
(-1.80718 0.63791 -0.0278518)
(-1.85482 0.482498 -0.0210663)
(-1.8891 0.32361 -0.0141291)
(-1.90976 0.16239 -0.0070901)
(1.99279 0.16945 -0.00739836)
(1.97123 0.33768 -0.0147434)
(1.93547 0.503476 -0.0219823)
(1.88575 0.665645 -0.0290627)
(1.82246 0.823018 -0.0359338)
(1.74603 0.974462 -0.0425459)
(1.65702 1.11888 -0.0488515)
(1.55607 1.25524 -0.0548051)
(1.44391 1.38256 -0.0603639)
(1.32135 1.49992 -0.0654877)
(1.18927 1.60646 -0.0701397)
(1.04861 1.70144 -0.0742864)
(0.900407 1.78415 -0.0778978)
(0.745713 1.85401 -0.0809479)
(0.585646 1.91051 -0.0834148)
(0.421359 1.95325 -0.0852807)
(0.254036 1.98191 -0.0865322)
(0.0848824 1.9963 -0.0871602)
(-0.0848824 1.9963 -0.0871602)
(-0.254036 1.98191 -0.0865322)
(-0.421359 1.95325 -0.0852807)
(-0.585646 1.91051 -0.0834148)
(-0.745713 1.85401 -0.0809479)
(-0.900407 1.78415 -0.0778978)
(-1.04861 1.70144 -0.0742864)
(-1.18927 1.60646 -0.0701397)
(-1.32135 1.49992 -0.0654877)
(-1.44391 1.38256 -0.0603639)
(-1.55607 1.25524 -0.0548051)
(-1.65702 1.11888 -0.0488515)
(-1.74603 0.974462 -0.0425459)
(-1.82246 0.823018 -0.0359338)
(-1.88575 0.665645 -0.0290627)
(-1.93547 0.503476 -0.0219823)
(-1.97123 0.33768 -0.0147434)
(-1.99279 0.16945 -0.00739836)
(2.07583 0.176511 -0.00770663)
(2.05337 0.35175 -0.0153577)
(2.01611 0.524455 -0.0228982)
(1.96433 0.693381 -0.0302737)
(1.89839 0.857311 -0.037431)
(1.81878 1.01506 -0.0443187)
(1.72606 1.1655 -0.050887)
(1.62091 1.30755 -0.0570887)
(1.50408 1.44017 -0.0628791)
(1.37641 1.56241 -0.0682164)
(1.23882 1.6734 -0.0730622)
(1.09231 1.77233 -0.0773816)
(0.937924 1.85849 -0.0811435)
(0.776784 1.93126 -0.0843207)
(0.610047 1.99012 -0.0868904)
(0.438915 2.03464 -0.0888341)
(0.26462 2.06449 -0.0901377)
(0.0884192 2.07948 -0.0907918)
(-0.0884192 2.07948 -0.0907918)
(-0.26462 2.06449 -0.0901377)
(-0.438915 2.03464 -0.0888341)
(-0.610047 1.99012 -0.0868904)
(-0.776784 1.93126 -0.0843207)
(-0.937924 1.85849 -0.0811435)
(-1.09231 1.77233 -0.0773816)
(-1.23882 1.6734 -0.0730622)
(-1.37641 1.56241 -0.0682164)
(-1.50408 1.44017 -0.0628791)
(-1.62091 1.30755 -0.0570887)
(-1.72606 1.1655 -0.050887)
(-1.81878 1.01506 -0.0443187)
(-1.89839 0.857311 -0.037431)
(-1.96433 0.693381 -0.0302737)
(-2.01611 0.524455 -0.0228982)
(-2.05337 0.35175 -0.0153577)
(-2.07583 0.176511 -0.00770663)
(2.15886 0.183571 -0.0080149)
(2.1355 0.36582 -0.015972)
(2.09675 0.545433 -0.0238141)
(2.0429 0.721116 -0.0314846)
(1.97433 0.891603 -0.0389282)
(1.89153 1.05567 -0.0460914)
(1.7951 1.21212 -0.0529225)
(1.68574 1.35985 -0.0593722)
(1.56424 1.49777 -0.0653942)
(1.43146 1.62491 -0.070945)
(1.28837 1.74034 -0.0759847)
(1.136 1.84322 -0.0804769)
(0.975441 1.93283 -0.0843892)
(0.807856 2.00851 -0.0876936)
(0.634449 2.06972 -0.090366)
(0.456472 2.11602 -0.0923874)
(0.275205 2.14707 -0.0937432)
(0.0919559 2.16265 -0.0944235)
(-0.0919559 2.16265 -0.0944235)
(-0.275205 2.14707 -0.0937432)
(-0.456472 2.11602 -0.0923874)
(-0.634449 2.06972 -0.090366)
(-0.807856 2.00851 -0.0876936)
(-0.975441 1.93283 -0.0843892)
(-1.136 1.84322 -0.0804769)
(-1.28837 1.74034 -0.0759847)
(-1.43146 1.62491 -0.070945)
(-1.56424 1.49777 -0.0653942)
(-1.68574 1.35985 -0.0593722)
(-1.7951 1.21212 -0.0529225)
(-1.89153 1.05567 -0.0460914)
(-1.97433 0.891603 -0.0389282)
(-2.0429 0.721116 -0.0314846)
(-2.09675 0.545433 -0.0238141)
(-2.1355 0.36582 -0.015972)
(-2.15886 0.183571 -0.0080149)
(2.24189 0.190632 -0.00832316)
(2.21764 0.37989 -0.0165864)
(2.1774 0.566411 -0.02473)
(2.12147 0.748851 -0.0326955)
(2.05026 0.925896 -0.0404255)
(1.96428 1.09627 -0.0478641)
(1.86415 1.25874 -0.054958)
(1.75058 1.41215 -0.0616558)
(1.6244 1.55538 -0.0679094)
(1.48652 1.68741 -0.0736737)
(1.33792 1.80727 -0.0789072)
(1.17969 1.91412 -0.0835722)
(1.01296 2.00717 -0.087635)
(0.838927 2.08576 -0.0910664)
(0.658851 2.14933 -0.0938417)
(0.474028 2.19741 -0.0959408)
(0.28579 2.22965 -0.0973487)
(0.0954927 2.24583 -0.0980552)
(-0.0954927 2.24583 -0.0980552)
(-0.28579 2.22965 -0.0973487)
(-0.474028 2.19741 -0.0959408)
(-0.658851 2.14933 -0.0938417)
(-0.838927 2.08576 -0.0910664)
(-1.01296 2.00717 -0.087635)
(-1.17969 1.91412 -0.0835722)
(-1.33792 1.80727 -0.0789072)
(-1.48652 1.68741 -0.0736737)
(-1.6244 1.55538 -0.0679094)
(-1.75058 1.41215 -0.0616558)
(-1.86415 1.25874 -0.054958)
(-1.96428 1.09627 -0.0478641)
(-2.05026 0.925896 -0.0404255)
(-2.12147 0.748851 -0.0326955)
(-2.1774 0.566411 -0.02473)
(-2.21764 0.37989 -0.0165864)
(-2.24189 0.190632 -0.00832316)
(2.32493 0.197692 -0.00863143)
(2.29977 0.39396 -0.0172007)
(2.25804 0.587389 -0.025646)
(2.20005 0.776586 -0.0339065)
(2.1262 0.960188 -0.0419227)
(2.03703 1.13687 -0.0496369)
(1.93319 1.30536 -0.0569934)
(1.81542 1.46445 -0.0639393)
(1.68456 1.61299 -0.0704245)
(1.54157 1.7499 -0.0764024)
(1.38748 1.87421 -0.0818297)
(1.22338 1.98501 -0.0866674)
(1.05048 2.08151 -0.0908807)
(0.869998 2.16301 -0.0944392)
(0.683253 2.22893 -0.0973173)
(0.491585 2.27879 -0.0994942)
(0.296375 2.31223 -0.100954)
(0.0990295 2.32901 -0.101687)
(-0.0990295 2.32901 -0.101687)
(-0.296375 2.31223 -0.100954)
(-0.491585 2.27879 -0.0994942)
(-0.683253 2.22893 -0.0973173)
(-0.869998 2.16301 -0.0944392)
(-1.05048 2.08151 -0.0908807)
(-1.22338 1.98501 -0.0866674)
(-1.38748 1.87421 -0.0818297)
(-1.54157 1.7499 -0.0764024)
(-1.68456 1.61299 -0.0704245)
(-1.81542 1.46445 -0.0639393)
(-1.93319 1.30536 -0.0569934)
(-2.03703 1.13687 -0.0496369)
(-2.1262 0.960188 -0.0419227)
(-2.20005 0.776586 -0.0339065)
(-2.25804 0.587389 -0.025646)
(-2.29977 0.39396 -0.0172007)
(-2.32493 0.197692 -0.00863143)
(2.40796 0.204753 -0.00893969)
(2.38191 0.40803 -0.017815)
(2.33869 0.608367 -0.0265619)
(2.27862 0.804322 -0.0351174)
(2.20214 0.994481 -0.04342)
(2.10978 1.17747 -0.0514096)
(2.00223 1.35198 -0.0590289)
(1.88025 1.51675 -0.0662229)
(1.74473 1.67059 -0.0729397)
(1.59663 1.8124 -0.079131)
(1.43703 1.94114 -0.0847522)
(1.26708 2.0559 -0.0897627)
(1.08799 2.15585 -0.0941265)
(0.90107 2.24026 -0.097812)
(0.707655 2.30854 -0.100793)
(0.509142 2.36018 -0.103048)
(0.30696 2.39481 -0.10456)
(0.102566 2.41219 -0.105319)
(-0.102566 2.41219 -0.105319)
(-0.30696 2.39481 -0.10456)
(-0.509142 2.36018 -0.103048)
(-0.707655 2.30854 -0.100793)
(-0.90107 2.24026 -0.097812)
(-1.08799 2.15585 -0.0941265)
(-1.26708 2.0559 -0.0897627)
(-1.43703 1.94114 -0.0847522)
(-1.59663 1.8124 -0.079131)
(-1.74473 1.67059 -0.0729397)
(-1.88025 1.51675 -0.0662229)
(-2.00223 1.35198 -0.0590289)
(-2.10978 1.17747 -0.0514096)
(-2.20214 0.994481 -0.04342)
(-2.27862 0.804322 -0.0351174)
(-2.33869 0.608367 -0.0265619)
(-2.38191 0.40803 -0.017815)
(-2.40796 0.204753 -0.00893969)
(2.49099 0.211813 -0.00924796)
(2.46404 0.4221 -0.0184293)
(2.41933 0.629346 -0.0274778)
(2.35719 0.832057 -0.0363284)
(2.27807 1.02877 -0.0449172)
(2.18254 1.21808 -0.0531824)
(2.07127 1.3986 -0.0610644)
(1.94509 1.56906 -0.0685064)
(1.80489 1.7282 -0.0754549)
(1.65169 1.87489 -0.0818597)
(1.48658 2.00808 -0.0876747)
(1.31077 2.1268 -0.0928579)
(1.12551 2.23019 -0.0973722)
(0.932141 2.31751 -0.101185)
(0.732057 2.38814 -0.104269)
(0.526698 2.44156 -0.106601)
(0.317545 2.47739 -0.108165)
(0.106103 2.49537 -0.10895)
(-0.106103 2.49537 -0.10895)
(-0.317545 2.47739 -0.108165)
(-0.526698 2.44156 -0.106601)
(-0.732057 2.38814 -0.104269)
(-0.932141 2.31751 -0.101185)
(-1.12551 2.23019 -0.0973722)
(-1.31077 2.1268 -0.0928579)
(-1.48658 2.00808 -0.0876747)
(-1.65169 1.87489 -0.0818597)
(-1.80489 1.7282 -0.0754549)
(-1.94509 1.56906 -0.0685064)
(-2.07127 1.3986 -0.0610644)
(-2.18254 1.21808 -0.0531824)
(-2.27807 1.02877 -0.0449172)
(-2.35719 0.832057 -0.0363284)
(-2.41933 0.629346 -0.0274778)
(-2.46404 0.4221 -0.0184293)
(-2.49099 0.211813 -0.00924796)
(0.498199 0.0423626 -0.00184959)
(0.492808 0.08442 -0.00368586)
(0.483866 0.125869 -0.00549556)
(0.471439 0.166411 -0.00726568)
(0.455614 0.205755 -0.00898344)
(0.436507 0.243615 -0.0106365)
(0.414255 0.279721 -0.0122129)
(0.389018 0.313811 -0.0137013)
(0.360978 0.34564 -0.015091)
(0.330337 0.374979 -0.0163719)
(0.297317 0.401616 -0.0175349)
(0.262154 0.425359 -0.0185716)
(0.225102 0.446038 -0.0194744)
(0.186428 0.463503 -0.020237)
(0.146411 0.477628 -0.0208537)
(0.10534 0.488312 -0.0213202)
(0.0635089 0.495478 -0.021633)
(0.0212206 0.499074 -0.02179)
(-0.0212206 0.499074 -0.02179)
(-0.0635089 0.495478 -0.021633)
(-0.10534 0.488312 -0.0213202)
(-0.146411 0.477628 -0.0208537)
(-0.186428 0.463503 -0.020237)
(-0.225102 0.446038 -0.0194744)
(-0.262154 0.425359 -0.0185716)
(-0.297317 0.401616 -0.0175349)
(-0.330337 0.374979 -0.0163719)
(-0.360978 0.34564 -0.015091)
(-0.389018 0.313811 -0.0137013)
(-0.414255 0.279721 -0.0122129)
(-0.436507 0.243615 -0.0106365)
(-0.455614 0.205755 -0.00898344)
(-0.471439 0.166411 -0.00726568)
(-0.483866 0.125869 -0.00549556)
(-0.492808 0.08442 -0.00368586)
(-0.498199 0.0423626 -0.00184959)
(-0.583333 0 0)
(-0.666667 0 0)
(-0.75 0 0)
(-0.833333 0 0)
(-0.916667 0 0)
(-1 0 0)
(0.583333 0 0)
(-1.08333 0 0)
(0.666667 0 0)
(-1.16667 0 0)
(0.75 0 0)
(-1.25 0 0)
(0.833333 0 0)
(-1.33333 0 0)
(0.916667 0 0)
(-1.41667 0 0)
(1 0 0)
(-1.5 0 0)
(1.08333 0 0)
(-1.58333 0 0)
(1.16667 0 0)
(-1.66667 0 0)
(1.25 0 0)
(-1.75 0 0)
(1.33333 0 0)
(-1.83333 0 0)
(1.41667 0 0)
(-1.91667 0 0)
(1.5 0 0)
(-2 0 0)
(1.58333 0 0)
(-2.08333 0 0)
(1.66667 0 0)
(-2.16667 0 0)
(1.75 0 0)
(-2.25 0 0)
(1.83333 0 0)
(-2.33333 0 0)
(1.91667 0 0)
(-2.41667 0 0)
(2 0 0)
(2.08333 0 0)
(2.16667 0 0)
(2.25 0 0)
(2.33333 0 0)
(2.41667 0 0)
(-0.5 0 0)
(-2.5 0 0)
(0.5 0 0)
(2.5 0 0)
)


// ************************************************************************* //
