/*--------------------------------*- C++ -*----------------------------------*\
| =========                 |                                                 |
| \\      /  F ield         | OpenFOAM: The Open Source CFD Toolbox           |
|  \\    /   O peration     | Version:  v2012                                 |
|   \\  /    A nd           | Website:  www.openfoam.com                      |
|    \\/     M anipulation  |                                                 |
\*---------------------------------------------------------------------------*/
FoamFile
{
    version     2.0;
    format      ascii;
    class       faceList;
    location    "constant/polyMesh";
    object      faces;
}
// * * * * * * * * * * * * * * * * * * * * * * * * * * * * * * * * * * * * * //


1240
(
3(0 647 315)
4(0 315 609 294)
3(648 336 21)
4(0 21 336 315)
3(649 357 42)
4(21 42 357 336)
3(650 378 63)
4(42 63 378 357)
3(651 399 84)
4(63 84 399 378)
3(652 420 105)
4(84 105 420 399)
3(653 441 126)
4(105 126 441 420)
3(654 462 147)
4(126 147 462 441)
3(655 483 168)
4(147 168 483 462)
3(656 504 189)
4(168 189 504 483)
3(657 525 210)
4(189 210 525 504)
3(658 546 231)
4(210 231 546 525)
3(659 567 252)
4(231 252 567 546)
4(252 273 588 567)
4(0 315 316 1)
4(1 316 610 295)
4(21 336 337 22)
4(1 22 337 316)
4(42 357 358 43)
4(22 43 358 337)
4(63 378 379 64)
4(43 64 379 358)
4(84 399 400 85)
4(64 85 400 379)
4(105 420 421 106)
4(85 106 421 400)
4(126 441 442 127)
4(106 127 442 421)
4(147 462 463 148)
4(127 148 463 442)
4(168 483 484 169)
4(148 169 484 463)
4(189 504 505 190)
4(169 190 505 484)
4(210 525 526 211)
4(190 211 526 505)
4(231 546 547 232)
4(211 232 547 526)
4(252 567 568 253)
4(232 253 568 547)
4(253 274 589 568)
4(1 316 317 2)
4(2 317 611 296)
4(22 337 338 23)
4(2 23 338 317)
4(43 358 359 44)
4(23 44 359 338)
4(64 379 380 65)
4(44 65 380 359)
4(85 400 401 86)
4(65 86 401 380)
4(106 421 422 107)
4(86 107 422 401)
4(127 442 443 128)
4(107 128 443 422)
4(148 463 464 149)
4(128 149 464 443)
4(169 484 485 170)
4(149 170 485 464)
4(190 505 506 191)
4(170 191 506 485)
4(211 526 527 212)
4(191 212 527 506)
4(232 547 548 233)
4(212 233 548 527)
4(253 568 569 254)
4(233 254 569 548)
4(254 275 590 569)
4(2 317 318 3)
4(3 318 612 297)
4(23 338 339 24)
4(3 24 339 318)
4(44 359 360 45)
4(24 45 360 339)
4(65 380 381 66)
4(45 66 381 360)
4(86 401 402 87)
4(66 87 402 381)
4(107 422 423 108)
4(87 108 423 402)
4(128 443 444 129)
4(108 129 444 423)
4(149 464 465 150)
4(129 150 465 444)
4(170 485 486 171)
4(150 171 486 465)
4(191 506 507 192)
4(171 192 507 486)
4(212 527 528 213)
4(192 213 528 507)
4(233 548 549 234)
4(213 234 549 528)
4(254 569 570 255)
4(234 255 570 549)
4(255 276 591 570)
4(3 318 319 4)
4(4 319 613 298)
4(24 339 340 25)
4(4 25 340 319)
4(45 360 361 46)
4(25 46 361 340)
4(66 381 382 67)
4(46 67 382 361)
4(87 402 403 88)
4(67 88 403 382)
4(108 423 424 109)
4(88 109 424 403)
4(129 444 445 130)
4(109 130 445 424)
4(150 465 466 151)
4(130 151 466 445)
4(171 486 487 172)
4(151 172 487 466)
4(192 507 508 193)
4(172 193 508 487)
4(213 528 529 214)
4(193 214 529 508)
4(234 549 550 235)
4(214 235 550 529)
4(255 570 571 256)
4(235 256 571 550)
4(256 277 592 571)
4(4 319 320 5)
4(5 320 614 299)
4(25 340 341 26)
4(5 26 341 320)
4(46 361 362 47)
4(26 47 362 341)
4(67 382 383 68)
4(47 68 383 362)
4(88 403 404 89)
4(68 89 404 383)
4(109 424 425 110)
4(89 110 425 404)
4(130 445 446 131)
4(110 131 446 425)
4(151 466 467 152)
4(131 152 467 446)
4(172 487 488 173)
4(152 173 488 467)
4(193 508 509 194)
4(173 194 509 488)
4(214 529 530 215)
4(194 215 530 509)
4(235 550 551 236)
4(215 236 551 530)
4(256 571 572 257)
4(236 257 572 551)
4(257 278 593 572)
4(5 320 321 6)
4(6 321 615 300)
4(26 341 342 27)
4(6 27 342 321)
4(47 362 363 48)
4(27 48 363 342)
4(68 383 384 69)
4(48 69 384 363)
4(89 404 405 90)
4(69 90 405 384)
4(110 425 426 111)
4(90 111 426 405)
4(131 446 447 132)
4(111 132 447 426)
4(152 467 468 153)
4(132 153 468 447)
4(173 488 489 174)
4(153 174 489 468)
4(194 509 510 195)
4(174 195 510 489)
4(215 530 531 216)
4(195 216 531 510)
4(236 551 552 237)
4(216 237 552 531)
4(257 572 573 258)
4(237 258 573 552)
4(258 279 594 573)
4(6 321 322 7)
4(7 322 616 301)
4(27 342 343 28)
4(7 28 343 322)
4(48 363 364 49)
4(28 49 364 343)
4(69 384 385 70)
4(49 70 385 364)
4(90 405 406 91)
4(70 91 406 385)
4(111 426 427 112)
4(91 112 427 406)
4(132 447 448 133)
4(112 133 448 427)
4(153 468 469 154)
4(133 154 469 448)
4(174 489 490 175)
4(154 175 490 469)
4(195 510 511 196)
4(175 196 511 490)
4(216 531 532 217)
4(196 217 532 511)
4(237 552 553 238)
4(217 238 553 532)
4(258 573 574 259)
4(238 259 574 553)
4(259 280 595 574)
4(7 322 323 8)
4(8 323 617 302)
4(28 343 344 29)
4(8 29 344 323)
4(49 364 365 50)
4(29 50 365 344)
4(70 385 386 71)
4(50 71 386 365)
4(91 406 407 92)
4(71 92 407 386)
4(112 427 428 113)
4(92 113 428 407)
4(133 448 449 134)
4(113 134 449 428)
4(154 469 470 155)
4(134 155 470 449)
4(175 490 491 176)
4(155 176 491 470)
4(196 511 512 197)
4(176 197 512 491)
4(217 532 533 218)
4(197 218 533 512)
4(238 553 554 239)
4(218 239 554 533)
4(259 574 575 260)
4(239 260 575 554)
4(260 281 596 575)
4(8 323 324 9)
4(9 324 618 303)
4(29 344 345 30)
4(9 30 345 324)
4(50 365 366 51)
4(30 51 366 345)
4(71 386 387 72)
4(51 72 387 366)
4(92 407 408 93)
4(72 93 408 387)
4(113 428 429 114)
4(93 114 429 408)
4(134 449 450 135)
4(114 135 450 429)
4(155 470 471 156)
4(135 156 471 450)
4(176 491 492 177)
4(156 177 492 471)
4(197 512 513 198)
4(177 198 513 492)
4(218 533 534 219)
4(198 219 534 513)
4(239 554 555 240)
4(219 240 555 534)
4(260 575 576 261)
4(240 261 576 555)
4(261 282 597 576)
4(9 324 325 10)
4(10 325 619 304)
4(30 345 346 31)
4(10 31 346 325)
4(51 366 367 52)
4(31 52 367 346)
4(72 387 388 73)
4(52 73 388 367)
4(93 408 409 94)
4(73 94 409 388)
4(114 429 430 115)
4(94 115 430 409)
4(135 450 451 136)
4(115 136 451 430)
4(156 471 472 157)
4(136 157 472 451)
4(177 492 493 178)
4(157 178 493 472)
4(198 513 514 199)
4(178 199 514 493)
4(219 534 535 220)
4(199 220 535 514)
4(240 555 556 241)
4(220 241 556 535)
4(261 576 577 262)
4(241 262 577 556)
4(262 283 598 577)
4(10 325 326 11)
4(11 326 620 305)
4(31 346 347 32)
4(11 32 347 326)
4(52 367 368 53)
4(32 53 368 347)
4(73 388 389 74)
4(53 74 389 368)
4(94 409 410 95)
4(74 95 410 389)
4(115 430 431 116)
4(95 116 431 410)
4(136 451 452 137)
4(116 137 452 431)
4(157 472 473 158)
4(137 158 473 452)
4(178 493 494 179)
4(158 179 494 473)
4(199 514 515 200)
4(179 200 515 494)
4(220 535 536 221)
4(200 221 536 515)
4(241 556 557 242)
4(221 242 557 536)
4(262 577 578 263)
4(242 263 578 557)
4(263 284 599 578)
4(11 326 327 12)
4(12 327 621 306)
4(32 347 348 33)
4(12 33 348 327)
4(53 368 369 54)
4(33 54 369 348)
4(74 389 390 75)
4(54 75 390 369)
4(95 410 411 96)
4(75 96 411 390)
4(116 431 432 117)
4(96 117 432 411)
4(137 452 453 138)
4(117 138 453 432)
4(158 473 474 159)
4(138 159 474 453)
4(179 494 495 180)
4(159 180 495 474)
4(200 515 516 201)
4(180 201 516 495)
4(221 536 537 222)
4(201 222 537 516)
4(242 557 558 243)
4(222 243 558 537)
4(263 578 579 264)
4(243 264 579 558)
4(264 285 600 579)
4(12 327 328 13)
4(13 328 622 307)
4(33 348 349 34)
4(13 34 349 328)
4(54 369 370 55)
4(34 55 370 349)
4(75 390 391 76)
4(55 76 391 370)
4(96 411 412 97)
4(76 97 412 391)
4(117 432 433 118)
4(97 118 433 412)
4(138 453 454 139)
4(118 139 454 433)
4(159 474 475 160)
4(139 160 475 454)
4(180 495 496 181)
4(160 181 496 475)
4(201 516 517 202)
4(181 202 517 496)
4(222 537 538 223)
4(202 223 538 517)
4(243 558 559 244)
4(223 244 559 538)
4(264 579 580 265)
4(244 265 580 559)
4(265 286 601 580)
4(13 328 329 14)
4(14 329 623 308)
4(34 349 350 35)
4(14 35 350 329)
4(55 370 371 56)
4(35 56 371 350)
4(76 391 392 77)
4(56 77 392 371)
4(97 412 413 98)
4(77 98 413 392)
4(118 433 434 119)
4(98 119 434 413)
4(139 454 455 140)
4(119 140 455 434)
4(160 475 476 161)
4(140 161 476 455)
4(181 496 497 182)
4(161 182 497 476)
4(202 517 518 203)
4(182 203 518 497)
4(223 538 539 224)
4(203 224 539 518)
4(244 559 560 245)
4(224 245 560 539)
4(265 580 581 266)
4(245 266 581 560)
4(266 287 602 581)
4(14 329 330 15)
4(15 330 624 309)
4(35 350 351 36)
4(15 36 351 330)
4(56 371 372 57)
4(36 57 372 351)
4(77 392 393 78)
4(57 78 393 372)
4(98 413 414 99)
4(78 99 414 393)
4(119 434 435 120)
4(99 120 435 414)
4(140 455 456 141)
4(120 141 456 435)
4(161 476 477 162)
4(141 162 477 456)
4(182 497 498 183)
4(162 183 498 477)
4(203 518 519 204)
4(183 204 519 498)
4(224 539 540 225)
4(204 225 540 519)
4(245 560 561 246)
4(225 246 561 540)
4(266 581 582 267)
4(246 267 582 561)
4(267 288 603 582)
4(15 330 331 16)
4(16 331 625 310)
4(36 351 352 37)
4(16 37 352 331)
4(57 372 373 58)
4(37 58 373 352)
4(78 393 394 79)
4(58 79 394 373)
4(99 414 415 100)
4(79 100 415 394)
4(120 435 436 121)
4(100 121 436 415)
4(141 456 457 142)
4(121 142 457 436)
4(162 477 478 163)
4(142 163 478 457)
4(183 498 499 184)
4(163 184 499 478)
4(204 519 520 205)
4(184 205 520 499)
4(225 540 541 226)
4(205 226 541 520)
4(246 561 562 247)
4(226 247 562 541)
4(267 582 583 268)
4(247 268 583 562)
4(268 289 604 583)
4(16 331 332 17)
4(17 332 626 311)
4(37 352 353 38)
4(17 38 353 332)
4(58 373 374 59)
4(38 59 374 353)
4(79 394 395 80)
4(59 80 395 374)
4(100 415 416 101)
4(80 101 416 395)
4(121 436 437 122)
4(101 122 437 416)
4(142 457 458 143)
4(122 143 458 437)
4(163 478 479 164)
4(143 164 479 458)
4(184 499 500 185)
4(164 185 500 479)
4(205 520 521 206)
4(185 206 521 500)
4(226 541 542 227)
4(206 227 542 521)
4(247 562 563 248)
4(227 248 563 542)
4(268 583 584 269)
4(248 269 584 563)
4(269 290 605 584)
4(17 332 333 18)
4(18 333 627 312)
4(38 353 354 39)
4(18 39 354 333)
4(59 374 375 60)
4(39 60 375 354)
4(80 395 396 81)
4(60 81 396 375)
4(101 416 417 102)
4(81 102 417 396)
4(122 437 438 123)
4(102 123 438 417)
4(143 458 459 144)
4(123 144 459 438)
4(164 479 480 165)
4(144 165 480 459)
4(185 500 501 186)
4(165 186 501 480)
4(206 521 522 207)
4(186 207 522 501)
4(227 542 543 228)
4(207 228 543 522)
4(248 563 564 249)
4(228 249 564 543)
4(269 584 585 270)
4(249 270 585 564)
4(270 291 606 585)
4(18 333 334 19)
4(19 334 628 313)
4(39 354 355 40)
4(19 40 355 334)
4(60 375 376 61)
4(40 61 376 355)
4(81 396 397 82)
4(61 82 397 376)
4(102 417 418 103)
4(82 103 418 397)
4(123 438 439 124)
4(103 124 439 418)
4(144 459 460 145)
4(124 145 460 439)
4(165 480 481 166)
4(145 166 481 460)
4(186 501 502 187)
4(166 187 502 481)
4(207 522 523 208)
4(187 208 523 502)
4(228 543 544 229)
4(208 229 544 523)
4(249 564 565 250)
4(229 250 565 544)
4(270 585 586 271)
4(250 271 586 565)
4(271 292 607 586)
4(19 334 335 20)
4(20 335 629 314)
4(40 355 356 41)
4(20 41 356 335)
4(61 376 377 62)
4(41 62 377 356)
4(82 397 398 83)
4(62 83 398 377)
4(103 418 419 104)
4(83 104 419 398)
4(124 439 440 125)
4(104 125 440 419)
4(145 460 461 146)
4(125 146 461 440)
4(166 481 482 167)
4(146 167 482 461)
4(187 502 503 188)
4(167 188 503 482)
4(208 523 524 209)
4(188 209 524 503)
4(229 544 545 230)
4(209 230 545 524)
4(250 565 566 251)
4(230 251 566 545)
4(271 586 587 272)
4(251 272 587 566)
4(272 293 608 587)
3(20 335 630)
3(41 356 631)
3(62 377 632)
3(83 398 633)
3(104 419 634)
3(125 440 636)
3(146 461 638)
3(167 482 640)
3(188 503 642)
3(209 524 643)
3(230 545 644)
3(251 566 645)
3(272 587 646)
3(294 609 639)
4(294 295 610 609)
4(295 296 611 610)
4(296 297 612 611)
4(297 298 613 612)
4(298 299 614 613)
4(299 300 615 614)
4(300 301 616 615)
4(301 302 617 616)
4(302 303 618 617)
4(303 304 619 618)
4(304 305 620 619)
4(305 306 621 620)
4(306 307 622 621)
4(307 308 623 622)
4(308 309 624 623)
4(309 310 625 624)
4(310 311 626 625)
4(311 312 627 626)
4(312 313 628 627)
4(313 314 629 628)
3(314 635 629)
3(641 588 273)
4(273 588 589 274)
4(274 589 590 275)
4(275 590 591 276)
4(276 591 592 277)
4(277 592 593 278)
4(278 593 594 279)
4(279 594 595 280)
4(280 595 596 281)
4(281 596 597 282)
4(282 597 598 283)
4(283 598 599 284)
4(284 599 600 285)
4(285 600 601 286)
4(286 601 602 287)
4(287 602 603 288)
4(288 603 604 289)
4(289 604 605 290)
4(290 605 606 291)
4(291 606 607 292)
4(292 607 608 293)
3(293 608 637)
4(0 294 639 647)
4(647 648 21 0)
4(648 649 42 21)
4(649 650 63 42)
4(650 651 84 63)
4(651 652 105 84)
4(652 653 126 105)
4(653 654 147 126)
4(654 655 168 147)
4(655 656 189 168)
4(656 657 210 189)
4(657 658 231 210)
4(658 659 252 231)
4(659 641 273 252)
4(0 1 295 294)
4(0 21 22 1)
4(21 42 43 22)
4(42 63 64 43)
4(63 84 85 64)
4(84 105 106 85)
4(105 126 127 106)
4(126 147 148 127)
4(147 168 169 148)
4(168 189 190 169)
4(189 210 211 190)
4(210 231 232 211)
4(231 252 253 232)
4(252 273 274 253)
4(1 2 296 295)
4(1 22 23 2)
4(22 43 44 23)
4(43 64 65 44)
4(64 85 86 65)
4(85 106 107 86)
4(106 127 128 107)
4(127 148 149 128)
4(148 169 170 149)
4(169 190 191 170)
4(190 211 212 191)
4(211 232 233 212)
4(232 253 254 233)
4(253 274 275 254)
4(2 3 297 296)
4(2 23 24 3)
4(23 44 45 24)
4(44 65 66 45)
4(65 86 87 66)
4(86 107 108 87)
4(107 128 129 108)
4(128 149 150 129)
4(149 170 171 150)
4(170 191 192 171)
4(191 212 213 192)
4(212 233 234 213)
4(233 254 255 234)
4(254 275 276 255)
4(3 4 298 297)
4(3 24 25 4)
4(24 45 46 25)
4(45 66 67 46)
4(66 87 88 67)
4(87 108 109 88)
4(108 129 130 109)
4(129 150 151 130)
4(150 171 172 151)
4(171 192 193 172)
4(192 213 214 193)
4(213 234 235 214)
4(234 255 256 235)
4(255 276 277 256)
4(4 5 299 298)
4(4 25 26 5)
4(25 46 47 26)
4(46 67 68 47)
4(67 88 89 68)
4(88 109 110 89)
4(109 130 131 110)
4(130 151 152 131)
4(151 172 173 152)
4(172 193 194 173)
4(193 214 215 194)
4(214 235 236 215)
4(235 256 257 236)
4(256 277 278 257)
4(5 6 300 299)
4(5 26 27 6)
4(26 47 48 27)
4(47 68 69 48)
4(68 89 90 69)
4(89 110 111 90)
4(110 131 132 111)
4(131 152 153 132)
4(152 173 174 153)
4(173 194 195 174)
4(194 215 216 195)
4(215 236 237 216)
4(236 257 258 237)
4(257 278 279 258)
4(6 7 301 300)
4(6 27 28 7)
4(27 48 49 28)
4(48 69 70 49)
4(69 90 91 70)
4(90 111 112 91)
4(111 132 133 112)
4(132 153 154 133)
4(153 174 175 154)
4(174 195 196 175)
4(195 216 217 196)
4(216 237 238 217)
4(237 258 259 238)
4(258 279 280 259)
4(7 8 302 301)
4(7 28 29 8)
4(28 49 50 29)
4(49 70 71 50)
4(70 91 92 71)
4(91 112 113 92)
4(112 133 134 113)
4(133 154 155 134)
4(154 175 176 155)
4(175 196 197 176)
4(196 217 218 197)
4(217 238 239 218)
4(238 259 260 239)
4(259 280 281 260)
4(8 9 303 302)
4(8 29 30 9)
4(29 50 51 30)
4(50 71 72 51)
4(71 92 93 72)
4(92 113 114 93)
4(113 134 135 114)
4(134 155 156 135)
4(155 176 177 156)
4(176 197 198 177)
4(197 218 219 198)
4(218 239 240 219)
4(239 260 261 240)
4(260 281 282 261)
4(9 10 304 303)
4(9 30 31 10)
4(30 51 52 31)
4(51 72 73 52)
4(72 93 94 73)
4(93 114 115 94)
4(114 135 136 115)
4(135 156 157 136)
4(156 177 178 157)
4(177 198 199 178)
4(198 219 220 199)
4(219 240 241 220)
4(240 261 262 241)
4(261 282 283 262)
4(10 11 305 304)
4(10 31 32 11)
4(31 52 53 32)
4(52 73 74 53)
4(73 94 95 74)
4(94 115 116 95)
4(115 136 137 116)
4(136 157 158 137)
4(157 178 179 158)
4(178 199 200 179)
4(199 220 221 200)
4(220 241 242 221)
4(241 262 263 242)
4(262 283 284 263)
4(11 12 306 305)
4(11 32 33 12)
4(32 53 54 33)
4(53 74 75 54)
4(74 95 96 75)
4(95 116 117 96)
4(116 137 138 117)
4(137 158 159 138)
4(158 179 180 159)
4(179 200 201 180)
4(200 221 222 201)
4(221 242 243 222)
4(242 263 264 243)
4(263 284 285 264)
4(12 13 307 306)
4(12 33 34 13)
4(33 54 55 34)
4(54 75 76 55)
4(75 96 97 76)
4(96 117 118 97)
4(117 138 139 118)
4(138 159 160 139)
4(159 180 181 160)
4(180 201 202 181)
4(201 222 223 202)
4(222 243 244 223)
4(243 264 265 244)
4(264 285 286 265)
4(13 14 308 307)
4(13 34 35 14)
4(34 55 56 35)
4(55 76 77 56)
4(76 97 98 77)
4(97 118 119 98)
4(118 139 140 119)
4(139 160 161 140)
4(160 181 182 161)
4(181 202 203 182)
4(202 223 224 203)
4(223 244 245 224)
4(244 265 266 245)
4(265 286 287 266)
4(14 15 309 308)
4(14 35 36 15)
4(35 56 57 36)
4(56 77 78 57)
4(77 98 99 78)
4(98 119 120 99)
4(119 140 141 120)
4(140 161 162 141)
4(161 182 183 162)
4(182 203 204 183)
4(203 224 225 204)
4(224 245 246 225)
4(245 266 267 246)
4(266 287 288 267)
4(15 16 310 309)
4(15 36 37 16)
4(36 57 58 37)
4(57 78 79 58)
4(78 99 100 79)
4(99 120 121 100)
4(120 141 142 121)
4(141 162 163 142)
4(162 183 184 163)
4(183 204 205 184)
4(204 225 226 205)
4(225 246 247 226)
4(246 267 268 247)
4(267 288 289 268)
4(16 17 311 310)
4(16 37 38 17)
4(37 58 59 38)
4(58 79 80 59)
4(79 100 101 80)
4(100 121 122 101)
4(121 142 143 122)
4(142 163 164 143)
4(163 184 185 164)
4(184 205 206 185)
4(205 226 227 206)
4(226 247 248 227)
4(247 268 269 248)
4(268 289 290 269)
4(17 18 312 311)
4(17 38 39 18)
4(38 59 60 39)
4(59 80 81 60)
4(80 101 102 81)
4(101 122 123 102)
4(122 143 144 123)
4(143 164 165 144)
4(164 185 186 165)
4(185 206 207 186)
4(206 227 228 207)
4(227 248 249 228)
4(248 269 270 249)
4(269 290 291 270)
4(18 19 313 312)
4(18 39 40 19)
4(39 60 61 40)
4(60 81 82 61)
4(81 102 103 82)
4(102 123 124 103)
4(123 144 145 124)
4(144 165 166 145)
4(165 186 187 166)
4(186 207 208 187)
4(207 228 229 208)
4(228 249 250 229)
4(249 270 271 250)
4(270 291 292 271)
4(19 20 314 313)
4(19 40 41 20)
4(40 61 62 41)
4(61 82 83 62)
4(82 103 104 83)
4(103 124 125 104)
4(124 145 146 125)
4(145 166 167 146)
4(166 187 188 167)
4(187 208 209 188)
4(208 229 230 209)
4(229 250 251 230)
4(250 271 272 251)
4(271 292 293 272)
4(20 630 635 314)
4(41 631 630 20)
4(62 632 631 41)
4(83 633 632 62)
4(104 634 633 83)
4(125 636 634 104)
4(146 638 636 125)
4(167 640 638 146)
4(188 642 640 167)
4(209 643 642 188)
4(230 644 643 209)
4(251 645 644 230)
4(272 646 645 251)
4(293 637 646 272)
4(315 647 639 609)
4(647 315 336 648)
4(648 336 357 649)
4(649 357 378 650)
4(650 378 399 651)
4(651 399 420 652)
4(652 420 441 653)
4(653 441 462 654)
4(654 462 483 655)
4(655 483 504 656)
4(656 504 525 657)
4(657 525 546 658)
4(658 546 567 659)
4(659 567 588 641)
4(315 609 610 316)
4(315 316 337 336)
4(336 337 358 357)
4(357 358 379 378)
4(378 379 400 399)
4(399 400 421 420)
4(420 421 442 441)
4(441 442 463 462)
4(462 463 484 483)
4(483 484 505 504)
4(504 505 526 525)
4(525 526 547 546)
4(546 547 568 567)
4(567 568 589 588)
4(316 610 611 317)
4(316 317 338 337)
4(337 338 359 358)
4(358 359 380 379)
4(379 380 401 400)
4(400 401 422 421)
4(421 422 443 442)
4(442 443 464 463)
4(463 464 485 484)
4(484 485 506 505)
4(505 506 527 526)
4(526 527 548 547)
4(547 548 569 568)
4(568 569 590 589)
4(317 611 612 318)
4(317 318 339 338)
4(338 339 360 359)
4(359 360 381 380)
4(380 381 402 401)
4(401 402 423 422)
4(422 423 444 443)
4(443 444 465 464)
4(464 465 486 485)
4(485 486 507 506)
4(506 507 528 527)
4(527 528 549 548)
4(548 549 570 569)
4(569 570 591 590)
4(318 612 613 319)
4(318 319 340 339)
4(339 340 361 360)
4(360 361 382 381)
4(381 382 403 402)
4(402 403 424 423)
4(423 424 445 444)
4(444 445 466 465)
4(465 466 487 486)
4(486 487 508 507)
4(507 508 529 528)
4(528 529 550 549)
4(549 550 571 570)
4(570 571 592 591)
4(319 613 614 320)
4(319 320 341 340)
4(340 341 362 361)
4(361 362 383 382)
4(382 383 404 403)
4(403 404 425 424)
4(424 425 446 445)
4(445 446 467 466)
4(466 467 488 487)
4(487 488 509 508)
4(508 509 530 529)
4(529 530 551 550)
4(550 551 572 571)
4(571 572 593 592)
4(320 614 615 321)
4(320 321 342 341)
4(341 342 363 362)
4(362 363 384 383)
4(383 384 405 404)
4(404 405 426 425)
4(425 426 447 446)
4(446 447 468 467)
4(467 468 489 488)
4(488 489 510 509)
4(509 510 531 530)
4(530 531 552 551)
4(551 552 573 572)
4(572 573 594 593)
4(321 615 616 322)
4(321 322 343 342)
4(342 343 364 363)
4(363 364 385 384)
4(384 385 406 405)
4(405 406 427 426)
4(426 427 448 447)
4(447 448 469 468)
4(468 469 490 489)
4(489 490 511 510)
4(510 511 532 531)
4(531 532 553 552)
4(552 553 574 573)
4(573 574 595 594)
4(322 616 617 323)
4(322 323 344 343)
4(343 344 365 364)
4(364 365 386 385)
4(385 386 407 406)
4(406 407 428 427)
4(427 428 449 448)
4(448 449 470 469)
4(469 470 491 490)
4(490 491 512 511)
4(511 512 533 532)
4(532 533 554 553)
4(553 554 575 574)
4(574 575 596 595)
4(323 617 618 324)
4(323 324 345 344)
4(344 345 366 365)
4(365 366 387 386)
4(386 387 408 407)
4(407 408 429 428)
4(428 429 450 449)
4(449 450 471 470)
4(470 471 492 491)
4(491 492 513 512)
4(512 513 534 533)
4(533 534 555 554)
4(554 555 576 575)
4(575 576 597 596)
4(324 618 619 325)
4(324 325 346 345)
4(345 346 367 366)
4(366 367 388 387)
4(387 388 409 408)
4(408 409 430 429)
4(429 430 451 450)
4(450 451 472 471)
4(471 472 493 492)
4(492 493 514 513)
4(513 514 535 534)
4(534 535 556 555)
4(555 556 577 576)
4(576 577 598 597)
4(325 619 620 326)
4(325 326 347 346)
4(346 347 368 367)
4(367 368 389 388)
4(388 389 410 409)
4(409 410 431 430)
4(430 431 452 451)
4(451 452 473 472)
4(472 473 494 493)
4(493 494 515 514)
4(514 515 536 535)
4(535 536 557 556)
4(556 557 578 577)
4(577 578 599 598)
4(326 620 621 327)
4(326 327 348 347)
4(347 348 369 368)
4(368 369 390 389)
4(389 390 411 410)
4(410 411 432 431)
4(431 432 453 452)
4(452 453 474 473)
4(473 474 495 494)
4(494 495 516 515)
4(515 516 537 536)
4(536 537 558 557)
4(557 558 579 578)
4(578 579 600 599)
4(327 621 622 328)
4(327 328 349 348)
4(348 349 370 369)
4(369 370 391 390)
4(390 391 412 411)
4(411 412 433 432)
4(432 433 454 453)
4(453 454 475 474)
4(474 475 496 495)
4(495 496 517 516)
4(516 517 538 537)
4(537 538 559 558)
4(558 559 580 579)
4(579 580 601 600)
4(328 622 623 329)
4(328 329 350 349)
4(349 350 371 370)
4(370 371 392 391)
4(391 392 413 412)
4(412 413 434 433)
4(433 434 455 454)
4(454 455 476 475)
4(475 476 497 496)
4(496 497 518 517)
4(517 518 539 538)
4(538 539 560 559)
4(559 560 581 580)
4(580 581 602 601)
4(329 623 624 330)
4(329 330 351 350)
4(350 351 372 371)
4(371 372 393 392)
4(392 393 414 413)
4(413 414 435 434)
4(434 435 456 455)
4(455 456 477 476)
4(476 477 498 497)
4(497 498 519 518)
4(518 519 540 539)
4(539 540 561 560)
4(560 561 582 581)
4(581 582 603 602)
4(330 624 625 331)
4(330 331 352 351)
4(351 352 373 372)
4(372 373 394 393)
4(393 394 415 414)
4(414 415 436 435)
4(435 436 457 456)
4(456 457 478 477)
4(477 478 499 498)
4(498 499 520 519)
4(519 520 541 540)
4(540 541 562 561)
4(561 562 583 582)
4(582 583 604 603)
4(331 625 626 332)
4(331 332 353 352)
4(352 353 374 373)
4(373 374 395 394)
4(394 395 416 415)
4(415 416 437 436)
4(436 437 458 457)
4(457 458 479 478)
4(478 479 500 499)
4(499 500 521 520)
4(520 521 542 541)
4(541 542 563 562)
4(562 563 584 583)
4(583 584 605 604)
4(332 626 627 333)
4(332 333 354 353)
4(353 354 375 374)
4(374 375 396 395)
4(395 396 417 416)
4(416 417 438 437)
4(437 438 459 458)
4(458 459 480 479)
4(479 480 501 500)
4(500 501 522 521)
4(521 522 543 542)
4(542 543 564 563)
4(563 564 585 584)
4(584 585 606 605)
4(333 627 628 334)
4(333 334 355 354)
4(354 355 376 375)
4(375 376 397 396)
4(396 397 418 417)
4(417 418 439 438)
4(438 439 460 459)
4(459 460 481 480)
4(480 481 502 501)
4(501 502 523 522)
4(522 523 544 543)
4(543 544 565 564)
4(564 565 586 585)
4(585 586 607 606)
4(334 628 629 335)
4(334 335 356 355)
4(355 356 377 376)
4(376 377 398 397)
4(397 398 419 418)
4(418 419 440 439)
4(439 440 461 460)
4(460 461 482 481)
4(481 482 503 502)
4(502 503 524 523)
4(523 524 545 544)
4(544 545 566 565)
4(565 566 587 586)
4(586 587 608 607)
4(335 629 635 630)
4(356 335 630 631)
4(377 356 631 632)
4(398 377 632 633)
4(419 398 633 634)
4(440 419 634 636)
4(461 440 636 638)
4(482 461 638 640)
4(503 482 640 642)
4(524 503 642 643)
4(545 524 643 644)
4(566 545 644 645)
4(587 566 645 646)
4(608 587 646 637)
)


// ************************************************************************* //
