/*--------------------------------*- C++ -*----------------------------------*\
| =========                 |                                                 |
| \\      /  F ield         | OpenFOAM: The Open Source CFD Toolbox           |
|  \\    /   O peration     | Version:  v2012                                 |
|   \\  /    A nd           | Website:  www.openfoam.com                      |
|    \\/     M anipulation  |                                                 |
\*---------------------------------------------------------------------------*/
FoamFile
{
    version     2.0;
    format      ascii;
    class       vectorField;
    location    "constant/polyMesh";
    object      points;
}
// * * * * * * * * * * * * * * * * * * * * * * * * * * * * * * * * * * * * * //


660
(
(0.636314 0.091401 0.00399066)
(0.616817 0.180941 0.00790007)
(0.584763 0.266798 0.0116487)
(0.540806 0.347224 0.0151601)
(0.485839 0.420581 0.018363)
(0.420982 0.485377 0.021192)
(0.347555 0.540291 0.0235896)
(0.267053 0.584207 0.025507)
(0.181114 0.61623 0.0269052)
(0.0914881 0.635708 0.0277556)
(0 0.642245 0.028041)
(-0.0914881 0.635708 0.0277556)
(-0.181114 0.61623 0.0269052)
(-0.267053 0.584207 0.025507)
(-0.347555 0.540291 0.0235896)
(-0.420982 0.485377 0.021192)
(-0.485839 0.420581 0.018363)
(-0.540806 0.347224 0.0151601)
(-0.584763 0.266798 0.0116487)
(-0.616817 0.180941 0.00790007)
(-0.636314 0.091401 0.00399066)
(0.777717 0.111712 0.00487747)
(0.753887 0.221151 0.00965564)
(0.714711 0.326087 0.0142373)
(0.660985 0.424385 0.018529)
(0.593803 0.514044 0.0224436)
(0.514533 0.593238 0.0259013)
(0.424789 0.660356 0.0288318)
(0.326398 0.714031 0.0311752)
(0.221361 0.75317 0.0328841)
(0.111819 0.776977 0.0339235)
(0 0.784966 0.0342724)
(-0.111819 0.776977 0.0339235)
(-0.221361 0.75317 0.0328841)
(-0.326398 0.714031 0.0311752)
(-0.424789 0.660356 0.0288318)
(-0.514533 0.593238 0.0259013)
(-0.593803 0.514044 0.0224436)
(-0.660985 0.424385 0.018529)
(-0.714711 0.326087 0.0142373)
(-0.753887 0.221151 0.00965564)
(-0.777717 0.111712 0.00487747)
(0.91912 0.132024 0.00576428)
(0.890958 0.26136 0.0114112)
(0.844658 0.385375 0.0168259)
(0.781164 0.501546 0.021898)
(0.701767 0.607506 0.0265243)
(0.608085 0.7011 0.0306107)
(0.502024 0.78042 0.0340739)
(0.385743 0.843854 0.0368435)
(0.261609 0.89011 0.038863)
(0.132149 0.918245 0.0400914)
(0 0.927688 0.0405037)
(-0.132149 0.918245 0.0400914)
(-0.261609 0.89011 0.038863)
(-0.385743 0.843854 0.0368435)
(-0.502024 0.78042 0.0340739)
(-0.608085 0.7011 0.0306107)
(-0.701767 0.607506 0.0265243)
(-0.781164 0.501546 0.021898)
(-0.844658 0.385375 0.0168259)
(-0.890958 0.26136 0.0114112)
(-0.91912 0.132024 0.00576428)
(1.06052 0.152335 0.00665109)
(1.02803 0.301569 0.0131668)
(0.974606 0.444664 0.0194144)
(0.901343 0.578707 0.0252669)
(0.809732 0.700969 0.030605)
(0.701637 0.808961 0.03532)
(0.579258 0.900485 0.039316)
(0.445088 0.973678 0.0425117)
(0.301856 1.02705 0.044842)
(0.15248 1.05951 0.0462594)
(0 1.07041 0.0467351)
(-0.15248 1.05951 0.0462594)
(-0.301856 1.02705 0.044842)
(-0.445088 0.973678 0.0425117)
(-0.579258 0.900485 0.039316)
(-0.701637 0.808961 0.03532)
(-0.809732 0.700969 0.030605)
(-0.901343 0.578707 0.0252669)
(-0.974606 0.444664 0.0194144)
(-1.02803 0.301569 0.0131668)
(-1.06052 0.152335 0.00665109)
(1.20193 0.172646 0.0075379)
(1.1651 0.341778 0.0149224)
(1.10455 0.503952 0.022003)
(1.02152 0.655868 0.0286358)
(0.917696 0.794431 0.0346856)
(0.795188 0.916822 0.0400293)
(0.656492 1.02055 0.0445582)
(0.504433 1.1035 0.0481799)
(0.342104 1.16399 0.0508209)
(0.172811 1.20078 0.0524273)
(0 1.21313 0.0529664)
(-0.172811 1.20078 0.0524273)
(-0.342104 1.16399 0.0508209)
(-0.504433 1.1035 0.0481799)
(-0.656492 1.02055 0.0445582)
(-0.795188 0.916822 0.0400293)
(-0.917696 0.794431 0.0346856)
(-1.02152 0.655868 0.0286358)
(-1.10455 0.503952 0.022003)
(-1.1651 0.341778 0.0149224)
(-1.20193 0.172646 0.0075379)
(1.34333 0.192958 0.00842472)
(1.30217 0.381987 0.0166779)
(1.2345 0.563241 0.0245916)
(1.1417 0.733028 0.0320047)
(1.02566 0.887894 0.0387663)
(0.88874 1.02468 0.0447387)
(0.733727 1.14061 0.0498003)
(0.563778 1.23333 0.0538482)
(0.382351 1.30093 0.0567998)
(0.193142 1.34205 0.0585952)
(0 1.35585 0.0591977)
(-0.193142 1.34205 0.0585952)
(-0.382351 1.30093 0.0567998)
(-0.563778 1.23333 0.0538482)
(-0.733727 1.14061 0.0498003)
(-0.88874 1.02468 0.0447387)
(-1.02566 0.887894 0.0387663)
(-1.1417 0.733028 0.0320047)
(-1.2345 0.563241 0.0245916)
(-1.30217 0.381987 0.0166779)
(-1.34333 0.192958 0.00842472)
(1.48473 0.213269 0.00931153)
(1.43924 0.422197 0.0184335)
(1.36445 0.622529 0.0271802)
(1.26188 0.810189 0.0353736)
(1.13362 0.981356 0.0428469)
(0.982291 1.13255 0.049448)
(0.810961 1.26068 0.0550424)
(0.623123 1.36315 0.0595164)
(0.422599 1.43787 0.0627787)
(0.213472 1.48332 0.0647631)
(0 1.49857 0.0654291)
(-0.213472 1.48332 0.0647631)
(-0.422599 1.43787 0.0627787)
(-0.623123 1.36315 0.0595164)
(-0.810961 1.26068 0.0550424)
(-0.982291 1.13255 0.049448)
(-1.13362 0.981356 0.0428469)
(-1.26188 0.810189 0.0353736)
(-1.36445 0.622529 0.0271802)
(-1.43924 0.422197 0.0184335)
(-1.48473 0.213269 0.00931153)
(1.62614 0.23358 0.0101983)
(1.57631 0.462406 0.0201891)
(1.4944 0.681818 0.0297688)
(1.38206 0.88735 0.0387425)
(1.24159 1.07482 0.0469276)
(1.07584 1.24041 0.0541573)
(0.888196 1.38074 0.0602846)
(0.682468 1.49297 0.0651846)
(0.462846 1.57481 0.0687577)
(0.233803 1.62459 0.070931)
(0 1.64129 0.0716604)
(-0.233803 1.62459 0.070931)
(-0.462846 1.57481 0.0687577)
(-0.682468 1.49297 0.0651846)
(-0.888196 1.38074 0.0602846)
(-1.07584 1.24041 0.0541573)
(-1.24159 1.07482 0.0469276)
(-1.38206 0.88735 0.0387425)
(-1.4944 0.681818 0.0297688)
(-1.57631 0.462406 0.0201891)
(-1.62614 0.23358 0.0101983)
(1.76754 0.253892 0.0110852)
(1.71338 0.502615 0.0219446)
(1.62434 0.741106 0.0323574)
(1.50224 0.964511 0.0421115)
(1.34955 1.16828 0.0510083)
(1.16939 1.34827 0.0588667)
(0.96543 1.50081 0.0655267)
(0.741813 1.6228 0.0708528)
(0.503094 1.71175 0.0747366)
(0.254134 1.76586 0.0770989)
(0 1.78401 0.0778918)
(-0.254134 1.76586 0.0770989)
(-0.503094 1.71175 0.0747366)
(-0.741813 1.6228 0.0708528)
(-0.96543 1.50081 0.0655267)
(-1.16939 1.34827 0.0588667)
(-1.34955 1.16828 0.0510083)
(-1.50224 0.964511 0.0421115)
(-1.62434 0.741106 0.0323574)
(-1.71338 0.502615 0.0219446)
(-1.76754 0.253892 0.0110852)
(1.90894 0.274203 0.011972)
(1.85045 0.542824 0.0237002)
(1.75429 0.800395 0.034946)
(1.62242 1.04167 0.0454804)
(1.45752 1.26174 0.0550889)
(1.26295 1.45613 0.063576)
(1.04266 1.62087 0.0707689)
(0.801158 1.75262 0.0765211)
(0.543341 1.84869 0.0807155)
(0.274464 1.90712 0.0832669)
(0 1.92674 0.0841231)
(-0.274464 1.90712 0.0832669)
(-0.543341 1.84869 0.0807155)
(-0.801158 1.75262 0.0765211)
(-1.04266 1.62087 0.0707689)
(-1.26295 1.45613 0.063576)
(-1.45752 1.26174 0.0550889)
(-1.62242 1.04167 0.0454804)
(-1.75429 0.800395 0.034946)
(-1.85045 0.542824 0.0237002)
(-1.90894 0.274203 0.011972)
(2.05034 0.294514 0.0128588)
(1.98752 0.583033 0.0254558)
(1.88424 0.859684 0.0375346)
(1.7426 1.11883 0.0488493)
(1.56548 1.35521 0.0591696)
(1.3565 1.56399 0.0682853)
(1.1199 1.74094 0.076011)
(0.860503 1.88244 0.0821893)
(0.583589 1.98563 0.0866945)
(0.294795 2.04839 0.0894348)
(0 2.06946 0.0903544)
(-0.294795 2.04839 0.0894348)
(-0.583589 1.98563 0.0866945)
(-0.860503 1.88244 0.0821893)
(-1.1199 1.74094 0.076011)
(-1.3565 1.56399 0.0682853)
(-1.56548 1.35521 0.0591696)
(-1.7426 1.11883 0.0488493)
(-1.88424 0.859684 0.0375346)
(-1.98752 0.583033 0.0254558)
(-2.05034 0.294514 0.0128588)
(2.19175 0.314826 0.0137456)
(2.12459 0.623243 0.0272114)
(2.01419 0.918972 0.0401232)
(1.86278 1.19599 0.0522182)
(1.67345 1.44867 0.0632502)
(1.45005 1.67185 0.0729947)
(1.19713 1.861 0.0812531)
(0.919848 2.01227 0.0878575)
(0.623836 2.12257 0.0926734)
(0.315126 2.18966 0.0956027)
(0 2.21218 0.0965858)
(-0.315126 2.18966 0.0956027)
(-0.623836 2.12257 0.0926734)
(-0.919848 2.01227 0.0878575)
(-1.19713 1.861 0.0812531)
(-1.45005 1.67185 0.0729947)
(-1.67345 1.44867 0.0632502)
(-1.86278 1.19599 0.0522182)
(-2.01419 0.918972 0.0401232)
(-2.12459 0.623243 0.0272114)
(-2.19175 0.314826 0.0137456)
(2.33315 0.335137 0.0146324)
(2.26166 0.663452 0.0289669)
(2.14413 0.978261 0.0427118)
(1.98295 1.27315 0.0555871)
(1.78141 1.54213 0.0673309)
(1.5436 1.77971 0.077704)
(1.27437 1.98107 0.0864953)
(0.979193 2.14209 0.0935257)
(0.664084 2.25951 0.0986523)
(0.335456 2.33093 0.101771)
(0 2.3549 0.102817)
(-0.335456 2.33093 0.101771)
(-0.664084 2.25951 0.0986523)
(-0.979193 2.14209 0.0935257)
(-1.27437 1.98107 0.0864953)
(-1.5436 1.77971 0.077704)
(-1.78141 1.54213 0.0673309)
(-1.98295 1.27315 0.0555871)
(-2.14413 0.978261 0.0427118)
(-2.26166 0.663452 0.0289669)
(-2.33315 0.335137 0.0146324)
(2.47455 0.355448 0.0155192)
(2.39873 0.703661 0.0307225)
(2.27408 1.03755 0.0453004)
(2.10313 1.35032 0.0589561)
(1.88937 1.63559 0.0714116)
(1.63715 1.88758 0.0824133)
(1.3516 2.10113 0.0917374)
(1.03854 2.27192 0.099194)
(0.704331 2.39645 0.104631)
(0.355787 2.4722 0.107939)
(0 2.49762 0.109048)
(-0.355787 2.4722 0.107939)
(-0.704331 2.39645 0.104631)
(-1.03854 2.27192 0.099194)
(-1.3516 2.10113 0.0917374)
(-1.63715 1.88758 0.0824133)
(-1.88937 1.63559 0.0714116)
(-2.10313 1.35032 0.0589561)
(-2.27408 1.03755 0.0453004)
(-2.39873 0.703661 0.0307225)
(-2.47455 0.355448 0.0155192)
(0.494911 0.0710897 0.00310384)
(0.479746 0.140732 0.0061445)
(0.454816 0.20751 0.00906007)
(0.420627 0.270063 0.0117912)
(0.377875 0.327119 0.0142823)
(0.32743 0.377515 0.0164827)
(0.27032 0.420226 0.0183475)
(0.207708 0.454383 0.0198388)
(0.140866 0.47929 0.0209262)
(0.0711574 0.49444 0.0215877)
(0 0.499524 0.0218097)
(-0.0711574 0.49444 0.0215877)
(-0.140866 0.47929 0.0209262)
(-0.207708 0.454383 0.0198388)
(-0.27032 0.420226 0.0183475)
(-0.32743 0.377515 0.0164827)
(-0.377875 0.327119 0.0142823)
(-0.420627 0.270063 0.0117912)
(-0.454816 0.20751 0.00906007)
(-0.479746 0.140732 0.0061445)
(-0.494911 0.0710897 0.00310384)
(0.636314 0.091401 -0.00399066)
(0.616817 0.180941 -0.00790007)
(0.584763 0.266798 -0.0116487)
(0.540806 0.347224 -0.0151601)
(0.485839 0.420581 -0.018363)
(0.420982 0.485377 -0.021192)
(0.347555 0.540291 -0.0235896)
(0.267053 0.584207 -0.025507)
(0.181114 0.61623 -0.0269052)
(0.0914881 0.635708 -0.0277556)
(0 0.642245 -0.028041)
(-0.0914881 0.635708 -0.0277556)
(-0.181114 0.61623 -0.0269052)
(-0.267053 0.584207 -0.025507)
(-0.347555 0.540291 -0.0235896)
(-0.420982 0.485377 -0.021192)
(-0.485839 0.420581 -0.018363)
(-0.540806 0.347224 -0.0151601)
(-0.584763 0.266798 -0.0116487)
(-0.616817 0.180941 -0.00790007)
(-0.636314 0.091401 -0.00399066)
(0.777717 0.111712 -0.00487747)
(0.753887 0.221151 -0.00965564)
(0.714711 0.326087 -0.0142373)
(0.660985 0.424385 -0.018529)
(0.593803 0.514044 -0.0224436)
(0.514533 0.593238 -0.0259013)
(0.424789 0.660356 -0.0288318)
(0.326398 0.714031 -0.0311752)
(0.221361 0.75317 -0.0328841)
(0.111819 0.776977 -0.0339235)
(0 0.784966 -0.0342724)
(-0.111819 0.776977 -0.0339235)
(-0.221361 0.75317 -0.0328841)
(-0.326398 0.714031 -0.0311752)
(-0.424789 0.660356 -0.0288318)
(-0.514533 0.593238 -0.0259013)
(-0.593803 0.514044 -0.0224436)
(-0.660985 0.424385 -0.018529)
(-0.714711 0.326087 -0.0142373)
(-0.753887 0.221151 -0.00965564)
(-0.777717 0.111712 -0.00487747)
(0.91912 0.132024 -0.00576428)
(0.890958 0.26136 -0.0114112)
(0.844658 0.385375 -0.0168259)
(0.781164 0.501546 -0.021898)
(0.701767 0.607506 -0.0265243)
(0.608085 0.7011 -0.0306107)
(0.502024 0.78042 -0.0340739)
(0.385743 0.843854 -0.0368435)
(0.261609 0.89011 -0.038863)
(0.132149 0.918245 -0.0400914)
(0 0.927688 -0.0405037)
(-0.132149 0.918245 -0.0400914)
(-0.261609 0.89011 -0.038863)
(-0.385743 0.843854 -0.0368435)
(-0.502024 0.78042 -0.0340739)
(-0.608085 0.7011 -0.0306107)
(-0.701767 0.607506 -0.0265243)
(-0.781164 0.501546 -0.021898)
(-0.844658 0.385375 -0.0168259)
(-0.890958 0.26136 -0.0114112)
(-0.91912 0.132024 -0.00576428)
(1.06052 0.152335 -0.00665109)
(1.02803 0.301569 -0.0131668)
(0.974606 0.444664 -0.0194144)
(0.901343 0.578707 -0.0252669)
(0.809732 0.700969 -0.030605)
(0.701637 0.808961 -0.03532)
(0.579258 0.900485 -0.039316)
(0.445088 0.973678 -0.0425117)
(0.301856 1.02705 -0.044842)
(0.15248 1.05951 -0.0462594)
(0 1.07041 -0.0467351)
(-0.15248 1.05951 -0.0462594)
(-0.301856 1.02705 -0.044842)
(-0.445088 0.973678 -0.0425117)
(-0.579258 0.900485 -0.039316)
(-0.701637 0.808961 -0.03532)
(-0.809732 0.700969 -0.030605)
(-0.901343 0.578707 -0.0252669)
(-0.974606 0.444664 -0.0194144)
(-1.02803 0.301569 -0.0131668)
(-1.06052 0.152335 -0.00665109)
(1.20193 0.172646 -0.0075379)
(1.1651 0.341778 -0.0149224)
(1.10455 0.503952 -0.022003)
(1.02152 0.655868 -0.0286358)
(0.917696 0.794431 -0.0346856)
(0.795188 0.916822 -0.0400293)
(0.656492 1.02055 -0.0445582)
(0.504433 1.1035 -0.0481799)
(0.342104 1.16399 -0.0508209)
(0.172811 1.20078 -0.0524273)
(0 1.21313 -0.0529664)
(-0.172811 1.20078 -0.0524273)
(-0.342104 1.16399 -0.0508209)
(-0.504433 1.1035 -0.0481799)
(-0.656492 1.02055 -0.0445582)
(-0.795188 0.916822 -0.0400293)
(-0.917696 0.794431 -0.0346856)
(-1.02152 0.655868 -0.0286358)
(-1.10455 0.503952 -0.022003)
(-1.1651 0.341778 -0.0149224)
(-1.20193 0.172646 -0.0075379)
(1.34333 0.192958 -0.00842472)
(1.30217 0.381987 -0.0166779)
(1.2345 0.563241 -0.0245916)
(1.1417 0.733028 -0.0320047)
(1.02566 0.887894 -0.0387663)
(0.88874 1.02468 -0.0447387)
(0.733727 1.14061 -0.0498003)
(0.563778 1.23333 -0.0538482)
(0.382351 1.30093 -0.0567998)
(0.193142 1.34205 -0.0585952)
(0 1.35585 -0.0591977)
(-0.193142 1.34205 -0.0585952)
(-0.382351 1.30093 -0.0567998)
(-0.563778 1.23333 -0.0538482)
(-0.733727 1.14061 -0.0498003)
(-0.88874 1.02468 -0.0447387)
(-1.02566 0.887894 -0.0387663)
(-1.1417 0.733028 -0.0320047)
(-1.2345 0.563241 -0.0245916)
(-1.30217 0.381987 -0.0166779)
(-1.34333 0.192958 -0.00842472)
(1.48473 0.213269 -0.00931153)
(1.43924 0.422197 -0.0184335)
(1.36445 0.622529 -0.0271802)
(1.26188 0.810189 -0.0353736)
(1.13362 0.981356 -0.0428469)
(0.982291 1.13255 -0.049448)
(0.810961 1.26068 -0.0550424)
(0.623123 1.36315 -0.0595164)
(0.422599 1.43787 -0.0627787)
(0.213472 1.48332 -0.0647631)
(0 1.49857 -0.0654291)
(-0.213472 1.48332 -0.0647631)
(-0.422599 1.43787 -0.0627787)
(-0.623123 1.36315 -0.0595164)
(-0.810961 1.26068 -0.0550424)
(-0.982291 1.13255 -0.049448)
(-1.13362 0.981356 -0.0428469)
(-1.26188 0.810189 -0.0353736)
(-1.36445 0.622529 -0.0271802)
(-1.43924 0.422197 -0.0184335)
(-1.48473 0.213269 -0.00931153)
(1.62614 0.23358 -0.0101983)
(1.57631 0.462406 -0.0201891)
(1.4944 0.681818 -0.0297688)
(1.38206 0.88735 -0.0387425)
(1.24159 1.07482 -0.0469276)
(1.07584 1.24041 -0.0541573)
(0.888196 1.38074 -0.0602846)
(0.682468 1.49297 -0.0651846)
(0.462846 1.57481 -0.0687577)
(0.233803 1.62459 -0.070931)
(0 1.64129 -0.0716604)
(-0.233803 1.62459 -0.070931)
(-0.462846 1.57481 -0.0687577)
(-0.682468 1.49297 -0.0651846)
(-0.888196 1.38074 -0.0602846)
(-1.07584 1.24041 -0.0541573)
(-1.24159 1.07482 -0.0469276)
(-1.38206 0.88735 -0.0387425)
(-1.4944 0.681818 -0.0297688)
(-1.57631 0.462406 -0.0201891)
(-1.62614 0.23358 -0.0101983)
(1.76754 0.253892 -0.0110852)
(1.71338 0.502615 -0.0219446)
(1.62434 0.741106 -0.0323574)
(1.50224 0.964511 -0.0421115)
(1.34955 1.16828 -0.0510083)
(1.16939 1.34827 -0.0588667)
(0.96543 1.50081 -0.0655267)
(0.741813 1.6228 -0.0708528)
(0.503094 1.71175 -0.0747366)
(0.254134 1.76586 -0.0770989)
(0 1.78401 -0.0778918)
(-0.254134 1.76586 -0.0770989)
(-0.503094 1.71175 -0.0747366)
(-0.741813 1.6228 -0.0708528)
(-0.96543 1.50081 -0.0655267)
(-1.16939 1.34827 -0.0588667)
(-1.34955 1.16828 -0.0510083)
(-1.50224 0.964511 -0.0421115)
(-1.62434 0.741106 -0.0323574)
(-1.71338 0.502615 -0.0219446)
(-1.76754 0.253892 -0.0110852)
(1.90894 0.274203 -0.011972)
(1.85045 0.542824 -0.0237002)
(1.75429 0.800395 -0.034946)
(1.62242 1.04167 -0.0454804)
(1.45752 1.26174 -0.0550889)
(1.26295 1.45613 -0.063576)
(1.04266 1.62087 -0.0707689)
(0.801158 1.75262 -0.0765211)
(0.543341 1.84869 -0.0807155)
(0.274464 1.90712 -0.0832669)
(0 1.92674 -0.0841231)
(-0.274464 1.90712 -0.0832669)
(-0.543341 1.84869 -0.0807155)
(-0.801158 1.75262 -0.0765211)
(-1.04266 1.62087 -0.0707689)
(-1.26295 1.45613 -0.063576)
(-1.45752 1.26174 -0.0550889)
(-1.62242 1.04167 -0.0454804)
(-1.75429 0.800395 -0.034946)
(-1.85045 0.542824 -0.0237002)
(-1.90894 0.274203 -0.011972)
(2.05034 0.294514 -0.0128588)
(1.98752 0.583033 -0.0254558)
(1.88424 0.859684 -0.0375346)
(1.7426 1.11883 -0.0488493)
(1.56548 1.35521 -0.0591696)
(1.3565 1.56399 -0.0682853)
(1.1199 1.74094 -0.076011)
(0.860503 1.88244 -0.0821893)
(0.583589 1.98563 -0.0866945)
(0.294795 2.04839 -0.0894348)
(0 2.06946 -0.0903544)
(-0.294795 2.04839 -0.0894348)
(-0.583589 1.98563 -0.0866945)
(-0.860503 1.88244 -0.0821893)
(-1.1199 1.74094 -0.076011)
(-1.3565 1.56399 -0.0682853)
(-1.56548 1.35521 -0.0591696)
(-1.7426 1.11883 -0.0488493)
(-1.88424 0.859684 -0.0375346)
(-1.98752 0.583033 -0.0254558)
(-2.05034 0.294514 -0.0128588)
(2.19175 0.314826 -0.0137456)
(2.12459 0.623243 -0.0272114)
(2.01419 0.918972 -0.0401232)
(1.86278 1.19599 -0.0522182)
(1.67345 1.44867 -0.0632502)
(1.45005 1.67185 -0.0729947)
(1.19713 1.861 -0.0812531)
(0.919848 2.01227 -0.0878575)
(0.623836 2.12257 -0.0926734)
(0.315126 2.18966 -0.0956027)
(0 2.21218 -0.0965858)
(-0.315126 2.18966 -0.0956027)
(-0.623836 2.12257 -0.0926734)
(-0.919848 2.01227 -0.0878575)
(-1.19713 1.861 -0.0812531)
(-1.45005 1.67185 -0.0729947)
(-1.67345 1.44867 -0.0632502)
(-1.86278 1.19599 -0.0522182)
(-2.01419 0.918972 -0.0401232)
(-2.12459 0.623243 -0.0272114)
(-2.19175 0.314826 -0.0137456)
(2.33315 0.335137 -0.0146324)
(2.26166 0.663452 -0.0289669)
(2.14413 0.978261 -0.0427118)
(1.98295 1.27315 -0.0555871)
(1.78141 1.54213 -0.0673309)
(1.5436 1.77971 -0.077704)
(1.27437 1.98107 -0.0864953)
(0.979193 2.14209 -0.0935257)
(0.664084 2.25951 -0.0986523)
(0.335456 2.33093 -0.101771)
(0 2.3549 -0.102817)
(-0.335456 2.33093 -0.101771)
(-0.664084 2.25951 -0.0986523)
(-0.979193 2.14209 -0.0935257)
(-1.27437 1.98107 -0.0864953)
(-1.5436 1.77971 -0.077704)
(-1.78141 1.54213 -0.0673309)
(-1.98295 1.27315 -0.0555871)
(-2.14413 0.978261 -0.0427118)
(-2.26166 0.663452 -0.0289669)
(-2.33315 0.335137 -0.0146324)
(2.47455 0.355448 -0.0155192)
(2.39873 0.703661 -0.0307225)
(2.27408 1.03755 -0.0453004)
(2.10313 1.35032 -0.0589561)
(1.88937 1.63559 -0.0714116)
(1.63715 1.88758 -0.0824133)
(1.3516 2.10113 -0.0917374)
(1.03854 2.27192 -0.099194)
(0.704331 2.39645 -0.104631)
(0.355787 2.4722 -0.107939)
(0 2.49762 -0.109048)
(-0.355787 2.4722 -0.107939)
(-0.704331 2.39645 -0.104631)
(-1.03854 2.27192 -0.099194)
(-1.3516 2.10113 -0.0917374)
(-1.63715 1.88758 -0.0824133)
(-1.88937 1.63559 -0.0714116)
(-2.10313 1.35032 -0.0589561)
(-2.27408 1.03755 -0.0453004)
(-2.39873 0.703661 -0.0307225)
(-2.47455 0.355448 -0.0155192)
(0.494911 0.0710897 -0.00310384)
(0.479746 0.140732 -0.0061445)
(0.454816 0.20751 -0.00906007)
(0.420627 0.270063 -0.0117912)
(0.377875 0.327119 -0.0142823)
(0.32743 0.377515 -0.0164827)
(0.27032 0.420226 -0.0183475)
(0.207708 0.454383 -0.0198388)
(0.140866 0.47929 -0.0209262)
(0.0711574 0.49444 -0.0215877)
(0 0.499524 -0.0218097)
(-0.0711574 0.49444 -0.0215877)
(-0.140866 0.47929 -0.0209262)
(-0.207708 0.454383 -0.0198388)
(-0.27032 0.420226 -0.0183475)
(-0.32743 0.377515 -0.0164827)
(-0.377875 0.327119 -0.0142823)
(-0.420627 0.270063 -0.0117912)
(-0.454816 0.20751 -0.00906007)
(-0.479746 0.140732 -0.0061445)
(-0.494911 0.0710897 -0.00310384)
(-0.642857 0 0)
(-0.785714 0 0)
(-0.928571 0 0)
(-1.07143 0 0)
(-1.21429 0 0)
(-0.5 0 0)
(-1.35714 0 0)
(-2.5 0 0)
(-1.5 0 0)
(0.5 0 0)
(-1.64286 0 0)
(2.5 0 0)
(-1.78571 0 0)
(-1.92857 0 0)
(-2.07143 0 0)
(-2.21429 0 0)
(-2.35714 0 0)
(0.642857 0 0)
(0.785714 0 0)
(0.928571 0 0)
(1.07143 0 0)
(1.21429 0 0)
(1.35714 0 0)
(1.5 0 0)
(1.64286 0 0)
(1.78571 0 0)
(1.92857 0 0)
(2.07143 0 0)
(2.21429 0 0)
(2.35714 0 0)
)


// ************************************************************************* //
