/*--------------------------------*- C++ -*----------------------------------*\
| =========                 |                                                 |
| \\      /  F ield         | OpenFOAM: The Open Source CFD Toolbox           |
|  \\    /   O peration     | Version:  v2012                                 |
|   \\  /    A nd           | Website:  www.openfoam.com                      |
|    \\/     M anipulation  |                                                 |
\*---------------------------------------------------------------------------*/
FoamFile
{
    version     2.0;
    format      ascii;
    class       faceList;
    location    "constant/polyMesh";
    object      faces;
}
// * * * * * * * * * * * * * * * * * * * * * * * * * * * * * * * * * * * * * //


2026
(
3(0 1047 513)
4(0 513 999 486)
3(1048 540 27)
4(0 27 540 513)
3(1049 567 54)
4(27 54 567 540)
3(1050 594 81)
4(54 81 594 567)
3(1051 621 108)
4(81 108 621 594)
3(1052 648 135)
4(108 135 648 621)
3(1053 675 162)
4(135 162 675 648)
3(1054 702 189)
4(162 189 702 675)
3(1055 729 216)
4(189 216 729 702)
3(1056 756 243)
4(216 243 756 729)
3(1057 783 270)
4(243 270 783 756)
3(1058 810 297)
4(270 297 810 783)
3(1059 837 324)
4(297 324 837 810)
3(1060 864 351)
4(324 351 864 837)
3(1061 891 378)
4(351 378 891 864)
3(1062 918 405)
4(378 405 918 891)
3(1063 945 432)
4(405 432 945 918)
4(432 459 972 945)
4(0 513 514 1)
4(1 514 1000 487)
4(27 540 541 28)
4(1 28 541 514)
4(54 567 568 55)
4(28 55 568 541)
4(81 594 595 82)
4(55 82 595 568)
4(108 621 622 109)
4(82 109 622 595)
4(135 648 649 136)
4(109 136 649 622)
4(162 675 676 163)
4(136 163 676 649)
4(189 702 703 190)
4(163 190 703 676)
4(216 729 730 217)
4(190 217 730 703)
4(243 756 757 244)
4(217 244 757 730)
4(270 783 784 271)
4(244 271 784 757)
4(297 810 811 298)
4(271 298 811 784)
4(324 837 838 325)
4(298 325 838 811)
4(351 864 865 352)
4(325 352 865 838)
4(378 891 892 379)
4(352 379 892 865)
4(405 918 919 406)
4(379 406 919 892)
4(432 945 946 433)
4(406 433 946 919)
4(433 460 973 946)
4(1 514 515 2)
4(2 515 1001 488)
4(28 541 542 29)
4(2 29 542 515)
4(55 568 569 56)
4(29 56 569 542)
4(82 595 596 83)
4(56 83 596 569)
4(109 622 623 110)
4(83 110 623 596)
4(136 649 650 137)
4(110 137 650 623)
4(163 676 677 164)
4(137 164 677 650)
4(190 703 704 191)
4(164 191 704 677)
4(217 730 731 218)
4(191 218 731 704)
4(244 757 758 245)
4(218 245 758 731)
4(271 784 785 272)
4(245 272 785 758)
4(298 811 812 299)
4(272 299 812 785)
4(325 838 839 326)
4(299 326 839 812)
4(352 865 866 353)
4(326 353 866 839)
4(379 892 893 380)
4(353 380 893 866)
4(406 919 920 407)
4(380 407 920 893)
4(433 946 947 434)
4(407 434 947 920)
4(434 461 974 947)
4(2 515 516 3)
4(3 516 1002 489)
4(29 542 543 30)
4(3 30 543 516)
4(56 569 570 57)
4(30 57 570 543)
4(83 596 597 84)
4(57 84 597 570)
4(110 623 624 111)
4(84 111 624 597)
4(137 650 651 138)
4(111 138 651 624)
4(164 677 678 165)
4(138 165 678 651)
4(191 704 705 192)
4(165 192 705 678)
4(218 731 732 219)
4(192 219 732 705)
4(245 758 759 246)
4(219 246 759 732)
4(272 785 786 273)
4(246 273 786 759)
4(299 812 813 300)
4(273 300 813 786)
4(326 839 840 327)
4(300 327 840 813)
4(353 866 867 354)
4(327 354 867 840)
4(380 893 894 381)
4(354 381 894 867)
4(407 920 921 408)
4(381 408 921 894)
4(434 947 948 435)
4(408 435 948 921)
4(435 462 975 948)
4(3 516 517 4)
4(4 517 1003 490)
4(30 543 544 31)
4(4 31 544 517)
4(57 570 571 58)
4(31 58 571 544)
4(84 597 598 85)
4(58 85 598 571)
4(111 624 625 112)
4(85 112 625 598)
4(138 651 652 139)
4(112 139 652 625)
4(165 678 679 166)
4(139 166 679 652)
4(192 705 706 193)
4(166 193 706 679)
4(219 732 733 220)
4(193 220 733 706)
4(246 759 760 247)
4(220 247 760 733)
4(273 786 787 274)
4(247 274 787 760)
4(300 813 814 301)
4(274 301 814 787)
4(327 840 841 328)
4(301 328 841 814)
4(354 867 868 355)
4(328 355 868 841)
4(381 894 895 382)
4(355 382 895 868)
4(408 921 922 409)
4(382 409 922 895)
4(435 948 949 436)
4(409 436 949 922)
4(436 463 976 949)
4(4 517 518 5)
4(5 518 1004 491)
4(31 544 545 32)
4(5 32 545 518)
4(58 571 572 59)
4(32 59 572 545)
4(85 598 599 86)
4(59 86 599 572)
4(112 625 626 113)
4(86 113 626 599)
4(139 652 653 140)
4(113 140 653 626)
4(166 679 680 167)
4(140 167 680 653)
4(193 706 707 194)
4(167 194 707 680)
4(220 733 734 221)
4(194 221 734 707)
4(247 760 761 248)
4(221 248 761 734)
4(274 787 788 275)
4(248 275 788 761)
4(301 814 815 302)
4(275 302 815 788)
4(328 841 842 329)
4(302 329 842 815)
4(355 868 869 356)
4(329 356 869 842)
4(382 895 896 383)
4(356 383 896 869)
4(409 922 923 410)
4(383 410 923 896)
4(436 949 950 437)
4(410 437 950 923)
4(437 464 977 950)
4(5 518 519 6)
4(6 519 1005 492)
4(32 545 546 33)
4(6 33 546 519)
4(59 572 573 60)
4(33 60 573 546)
4(86 599 600 87)
4(60 87 600 573)
4(113 626 627 114)
4(87 114 627 600)
4(140 653 654 141)
4(114 141 654 627)
4(167 680 681 168)
4(141 168 681 654)
4(194 707 708 195)
4(168 195 708 681)
4(221 734 735 222)
4(195 222 735 708)
4(248 761 762 249)
4(222 249 762 735)
4(275 788 789 276)
4(249 276 789 762)
4(302 815 816 303)
4(276 303 816 789)
4(329 842 843 330)
4(303 330 843 816)
4(356 869 870 357)
4(330 357 870 843)
4(383 896 897 384)
4(357 384 897 870)
4(410 923 924 411)
4(384 411 924 897)
4(437 950 951 438)
4(411 438 951 924)
4(438 465 978 951)
4(6 519 520 7)
4(7 520 1006 493)
4(33 546 547 34)
4(7 34 547 520)
4(60 573 574 61)
4(34 61 574 547)
4(87 600 601 88)
4(61 88 601 574)
4(114 627 628 115)
4(88 115 628 601)
4(141 654 655 142)
4(115 142 655 628)
4(168 681 682 169)
4(142 169 682 655)
4(195 708 709 196)
4(169 196 709 682)
4(222 735 736 223)
4(196 223 736 709)
4(249 762 763 250)
4(223 250 763 736)
4(276 789 790 277)
4(250 277 790 763)
4(303 816 817 304)
4(277 304 817 790)
4(330 843 844 331)
4(304 331 844 817)
4(357 870 871 358)
4(331 358 871 844)
4(384 897 898 385)
4(358 385 898 871)
4(411 924 925 412)
4(385 412 925 898)
4(438 951 952 439)
4(412 439 952 925)
4(439 466 979 952)
4(7 520 521 8)
4(8 521 1007 494)
4(34 547 548 35)
4(8 35 548 521)
4(61 574 575 62)
4(35 62 575 548)
4(88 601 602 89)
4(62 89 602 575)
4(115 628 629 116)
4(89 116 629 602)
4(142 655 656 143)
4(116 143 656 629)
4(169 682 683 170)
4(143 170 683 656)
4(196 709 710 197)
4(170 197 710 683)
4(223 736 737 224)
4(197 224 737 710)
4(250 763 764 251)
4(224 251 764 737)
4(277 790 791 278)
4(251 278 791 764)
4(304 817 818 305)
4(278 305 818 791)
4(331 844 845 332)
4(305 332 845 818)
4(358 871 872 359)
4(332 359 872 845)
4(385 898 899 386)
4(359 386 899 872)
4(412 925 926 413)
4(386 413 926 899)
4(439 952 953 440)
4(413 440 953 926)
4(440 467 980 953)
4(8 521 522 9)
4(9 522 1008 495)
4(35 548 549 36)
4(9 36 549 522)
4(62 575 576 63)
4(36 63 576 549)
4(89 602 603 90)
4(63 90 603 576)
4(116 629 630 117)
4(90 117 630 603)
4(143 656 657 144)
4(117 144 657 630)
4(170 683 684 171)
4(144 171 684 657)
4(197 710 711 198)
4(171 198 711 684)
4(224 737 738 225)
4(198 225 738 711)
4(251 764 765 252)
4(225 252 765 738)
4(278 791 792 279)
4(252 279 792 765)
4(305 818 819 306)
4(279 306 819 792)
4(332 845 846 333)
4(306 333 846 819)
4(359 872 873 360)
4(333 360 873 846)
4(386 899 900 387)
4(360 387 900 873)
4(413 926 927 414)
4(387 414 927 900)
4(440 953 954 441)
4(414 441 954 927)
4(441 468 981 954)
4(9 522 523 10)
4(10 523 1009 496)
4(36 549 550 37)
4(10 37 550 523)
4(63 576 577 64)
4(37 64 577 550)
4(90 603 604 91)
4(64 91 604 577)
4(117 630 631 118)
4(91 118 631 604)
4(144 657 658 145)
4(118 145 658 631)
4(171 684 685 172)
4(145 172 685 658)
4(198 711 712 199)
4(172 199 712 685)
4(225 738 739 226)
4(199 226 739 712)
4(252 765 766 253)
4(226 253 766 739)
4(279 792 793 280)
4(253 280 793 766)
4(306 819 820 307)
4(280 307 820 793)
4(333 846 847 334)
4(307 334 847 820)
4(360 873 874 361)
4(334 361 874 847)
4(387 900 901 388)
4(361 388 901 874)
4(414 927 928 415)
4(388 415 928 901)
4(441 954 955 442)
4(415 442 955 928)
4(442 469 982 955)
4(10 523 524 11)
4(11 524 1010 497)
4(37 550 551 38)
4(11 38 551 524)
4(64 577 578 65)
4(38 65 578 551)
4(91 604 605 92)
4(65 92 605 578)
4(118 631 632 119)
4(92 119 632 605)
4(145 658 659 146)
4(119 146 659 632)
4(172 685 686 173)
4(146 173 686 659)
4(199 712 713 200)
4(173 200 713 686)
4(226 739 740 227)
4(200 227 740 713)
4(253 766 767 254)
4(227 254 767 740)
4(280 793 794 281)
4(254 281 794 767)
4(307 820 821 308)
4(281 308 821 794)
4(334 847 848 335)
4(308 335 848 821)
4(361 874 875 362)
4(335 362 875 848)
4(388 901 902 389)
4(362 389 902 875)
4(415 928 929 416)
4(389 416 929 902)
4(442 955 956 443)
4(416 443 956 929)
4(443 470 983 956)
4(11 524 525 12)
4(12 525 1011 498)
4(38 551 552 39)
4(12 39 552 525)
4(65 578 579 66)
4(39 66 579 552)
4(92 605 606 93)
4(66 93 606 579)
4(119 632 633 120)
4(93 120 633 606)
4(146 659 660 147)
4(120 147 660 633)
4(173 686 687 174)
4(147 174 687 660)
4(200 713 714 201)
4(174 201 714 687)
4(227 740 741 228)
4(201 228 741 714)
4(254 767 768 255)
4(228 255 768 741)
4(281 794 795 282)
4(255 282 795 768)
4(308 821 822 309)
4(282 309 822 795)
4(335 848 849 336)
4(309 336 849 822)
4(362 875 876 363)
4(336 363 876 849)
4(389 902 903 390)
4(363 390 903 876)
4(416 929 930 417)
4(390 417 930 903)
4(443 956 957 444)
4(417 444 957 930)
4(444 471 984 957)
4(12 525 526 13)
4(13 526 1012 499)
4(39 552 553 40)
4(13 40 553 526)
4(66 579 580 67)
4(40 67 580 553)
4(93 606 607 94)
4(67 94 607 580)
4(120 633 634 121)
4(94 121 634 607)
4(147 660 661 148)
4(121 148 661 634)
4(174 687 688 175)
4(148 175 688 661)
4(201 714 715 202)
4(175 202 715 688)
4(228 741 742 229)
4(202 229 742 715)
4(255 768 769 256)
4(229 256 769 742)
4(282 795 796 283)
4(256 283 796 769)
4(309 822 823 310)
4(283 310 823 796)
4(336 849 850 337)
4(310 337 850 823)
4(363 876 877 364)
4(337 364 877 850)
4(390 903 904 391)
4(364 391 904 877)
4(417 930 931 418)
4(391 418 931 904)
4(444 957 958 445)
4(418 445 958 931)
4(445 472 985 958)
4(13 526 527 14)
4(14 527 1013 500)
4(40 553 554 41)
4(14 41 554 527)
4(67 580 581 68)
4(41 68 581 554)
4(94 607 608 95)
4(68 95 608 581)
4(121 634 635 122)
4(95 122 635 608)
4(148 661 662 149)
4(122 149 662 635)
4(175 688 689 176)
4(149 176 689 662)
4(202 715 716 203)
4(176 203 716 689)
4(229 742 743 230)
4(203 230 743 716)
4(256 769 770 257)
4(230 257 770 743)
4(283 796 797 284)
4(257 284 797 770)
4(310 823 824 311)
4(284 311 824 797)
4(337 850 851 338)
4(311 338 851 824)
4(364 877 878 365)
4(338 365 878 851)
4(391 904 905 392)
4(365 392 905 878)
4(418 931 932 419)
4(392 419 932 905)
4(445 958 959 446)
4(419 446 959 932)
4(446 473 986 959)
4(14 527 528 15)
4(15 528 1014 501)
4(41 554 555 42)
4(15 42 555 528)
4(68 581 582 69)
4(42 69 582 555)
4(95 608 609 96)
4(69 96 609 582)
4(122 635 636 123)
4(96 123 636 609)
4(149 662 663 150)
4(123 150 663 636)
4(176 689 690 177)
4(150 177 690 663)
4(203 716 717 204)
4(177 204 717 690)
4(230 743 744 231)
4(204 231 744 717)
4(257 770 771 258)
4(231 258 771 744)
4(284 797 798 285)
4(258 285 798 771)
4(311 824 825 312)
4(285 312 825 798)
4(338 851 852 339)
4(312 339 852 825)
4(365 878 879 366)
4(339 366 879 852)
4(392 905 906 393)
4(366 393 906 879)
4(419 932 933 420)
4(393 420 933 906)
4(446 959 960 447)
4(420 447 960 933)
4(447 474 987 960)
4(15 528 529 16)
4(16 529 1015 502)
4(42 555 556 43)
4(16 43 556 529)
4(69 582 583 70)
4(43 70 583 556)
4(96 609 610 97)
4(70 97 610 583)
4(123 636 637 124)
4(97 124 637 610)
4(150 663 664 151)
4(124 151 664 637)
4(177 690 691 178)
4(151 178 691 664)
4(204 717 718 205)
4(178 205 718 691)
4(231 744 745 232)
4(205 232 745 718)
4(258 771 772 259)
4(232 259 772 745)
4(285 798 799 286)
4(259 286 799 772)
4(312 825 826 313)
4(286 313 826 799)
4(339 852 853 340)
4(313 340 853 826)
4(366 879 880 367)
4(340 367 880 853)
4(393 906 907 394)
4(367 394 907 880)
4(420 933 934 421)
4(394 421 934 907)
4(447 960 961 448)
4(421 448 961 934)
4(448 475 988 961)
4(16 529 530 17)
4(17 530 1016 503)
4(43 556 557 44)
4(17 44 557 530)
4(70 583 584 71)
4(44 71 584 557)
4(97 610 611 98)
4(71 98 611 584)
4(124 637 638 125)
4(98 125 638 611)
4(151 664 665 152)
4(125 152 665 638)
4(178 691 692 179)
4(152 179 692 665)
4(205 718 719 206)
4(179 206 719 692)
4(232 745 746 233)
4(206 233 746 719)
4(259 772 773 260)
4(233 260 773 746)
4(286 799 800 287)
4(260 287 800 773)
4(313 826 827 314)
4(287 314 827 800)
4(340 853 854 341)
4(314 341 854 827)
4(367 880 881 368)
4(341 368 881 854)
4(394 907 908 395)
4(368 395 908 881)
4(421 934 935 422)
4(395 422 935 908)
4(448 961 962 449)
4(422 449 962 935)
4(449 476 989 962)
4(17 530 531 18)
4(18 531 1017 504)
4(44 557 558 45)
4(18 45 558 531)
4(71 584 585 72)
4(45 72 585 558)
4(98 611 612 99)
4(72 99 612 585)
4(125 638 639 126)
4(99 126 639 612)
4(152 665 666 153)
4(126 153 666 639)
4(179 692 693 180)
4(153 180 693 666)
4(206 719 720 207)
4(180 207 720 693)
4(233 746 747 234)
4(207 234 747 720)
4(260 773 774 261)
4(234 261 774 747)
4(287 800 801 288)
4(261 288 801 774)
4(314 827 828 315)
4(288 315 828 801)
4(341 854 855 342)
4(315 342 855 828)
4(368 881 882 369)
4(342 369 882 855)
4(395 908 909 396)
4(369 396 909 882)
4(422 935 936 423)
4(396 423 936 909)
4(449 962 963 450)
4(423 450 963 936)
4(450 477 990 963)
4(18 531 532 19)
4(19 532 1018 505)
4(45 558 559 46)
4(19 46 559 532)
4(72 585 586 73)
4(46 73 586 559)
4(99 612 613 100)
4(73 100 613 586)
4(126 639 640 127)
4(100 127 640 613)
4(153 666 667 154)
4(127 154 667 640)
4(180 693 694 181)
4(154 181 694 667)
4(207 720 721 208)
4(181 208 721 694)
4(234 747 748 235)
4(208 235 748 721)
4(261 774 775 262)
4(235 262 775 748)
4(288 801 802 289)
4(262 289 802 775)
4(315 828 829 316)
4(289 316 829 802)
4(342 855 856 343)
4(316 343 856 829)
4(369 882 883 370)
4(343 370 883 856)
4(396 909 910 397)
4(370 397 910 883)
4(423 936 937 424)
4(397 424 937 910)
4(450 963 964 451)
4(424 451 964 937)
4(451 478 991 964)
4(19 532 533 20)
4(20 533 1019 506)
4(46 559 560 47)
4(20 47 560 533)
4(73 586 587 74)
4(47 74 587 560)
4(100 613 614 101)
4(74 101 614 587)
4(127 640 641 128)
4(101 128 641 614)
4(154 667 668 155)
4(128 155 668 641)
4(181 694 695 182)
4(155 182 695 668)
4(208 721 722 209)
4(182 209 722 695)
4(235 748 749 236)
4(209 236 749 722)
4(262 775 776 263)
4(236 263 776 749)
4(289 802 803 290)
4(263 290 803 776)
4(316 829 830 317)
4(290 317 830 803)
4(343 856 857 344)
4(317 344 857 830)
4(370 883 884 371)
4(344 371 884 857)
4(397 910 911 398)
4(371 398 911 884)
4(424 937 938 425)
4(398 425 938 911)
4(451 964 965 452)
4(425 452 965 938)
4(452 479 992 965)
4(20 533 534 21)
4(21 534 1020 507)
4(47 560 561 48)
4(21 48 561 534)
4(74 587 588 75)
4(48 75 588 561)
4(101 614 615 102)
4(75 102 615 588)
4(128 641 642 129)
4(102 129 642 615)
4(155 668 669 156)
4(129 156 669 642)
4(182 695 696 183)
4(156 183 696 669)
4(209 722 723 210)
4(183 210 723 696)
4(236 749 750 237)
4(210 237 750 723)
4(263 776 777 264)
4(237 264 777 750)
4(290 803 804 291)
4(264 291 804 777)
4(317 830 831 318)
4(291 318 831 804)
4(344 857 858 345)
4(318 345 858 831)
4(371 884 885 372)
4(345 372 885 858)
4(398 911 912 399)
4(372 399 912 885)
4(425 938 939 426)
4(399 426 939 912)
4(452 965 966 453)
4(426 453 966 939)
4(453 480 993 966)
4(21 534 535 22)
4(22 535 1021 508)
4(48 561 562 49)
4(22 49 562 535)
4(75 588 589 76)
4(49 76 589 562)
4(102 615 616 103)
4(76 103 616 589)
4(129 642 643 130)
4(103 130 643 616)
4(156 669 670 157)
4(130 157 670 643)
4(183 696 697 184)
4(157 184 697 670)
4(210 723 724 211)
4(184 211 724 697)
4(237 750 751 238)
4(211 238 751 724)
4(264 777 778 265)
4(238 265 778 751)
4(291 804 805 292)
4(265 292 805 778)
4(318 831 832 319)
4(292 319 832 805)
4(345 858 859 346)
4(319 346 859 832)
4(372 885 886 373)
4(346 373 886 859)
4(399 912 913 400)
4(373 400 913 886)
4(426 939 940 427)
4(400 427 940 913)
4(453 966 967 454)
4(427 454 967 940)
4(454 481 994 967)
4(22 535 536 23)
4(23 536 1022 509)
4(49 562 563 50)
4(23 50 563 536)
4(76 589 590 77)
4(50 77 590 563)
4(103 616 617 104)
4(77 104 617 590)
4(130 643 644 131)
4(104 131 644 617)
4(157 670 671 158)
4(131 158 671 644)
4(184 697 698 185)
4(158 185 698 671)
4(211 724 725 212)
4(185 212 725 698)
4(238 751 752 239)
4(212 239 752 725)
4(265 778 779 266)
4(239 266 779 752)
4(292 805 806 293)
4(266 293 806 779)
4(319 832 833 320)
4(293 320 833 806)
4(346 859 860 347)
4(320 347 860 833)
4(373 886 887 374)
4(347 374 887 860)
4(400 913 914 401)
4(374 401 914 887)
4(427 940 941 428)
4(401 428 941 914)
4(454 967 968 455)
4(428 455 968 941)
4(455 482 995 968)
4(23 536 537 24)
4(24 537 1023 510)
4(50 563 564 51)
4(24 51 564 537)
4(77 590 591 78)
4(51 78 591 564)
4(104 617 618 105)
4(78 105 618 591)
4(131 644 645 132)
4(105 132 645 618)
4(158 671 672 159)
4(132 159 672 645)
4(185 698 699 186)
4(159 186 699 672)
4(212 725 726 213)
4(186 213 726 699)
4(239 752 753 240)
4(213 240 753 726)
4(266 779 780 267)
4(240 267 780 753)
4(293 806 807 294)
4(267 294 807 780)
4(320 833 834 321)
4(294 321 834 807)
4(347 860 861 348)
4(321 348 861 834)
4(374 887 888 375)
4(348 375 888 861)
4(401 914 915 402)
4(375 402 915 888)
4(428 941 942 429)
4(402 429 942 915)
4(455 968 969 456)
4(429 456 969 942)
4(456 483 996 969)
4(24 537 538 25)
4(25 538 1024 511)
4(51 564 565 52)
4(25 52 565 538)
4(78 591 592 79)
4(52 79 592 565)
4(105 618 619 106)
4(79 106 619 592)
4(132 645 646 133)
4(106 133 646 619)
4(159 672 673 160)
4(133 160 673 646)
4(186 699 700 187)
4(160 187 700 673)
4(213 726 727 214)
4(187 214 727 700)
4(240 753 754 241)
4(214 241 754 727)
4(267 780 781 268)
4(241 268 781 754)
4(294 807 808 295)
4(268 295 808 781)
4(321 834 835 322)
4(295 322 835 808)
4(348 861 862 349)
4(322 349 862 835)
4(375 888 889 376)
4(349 376 889 862)
4(402 915 916 403)
4(376 403 916 889)
4(429 942 943 430)
4(403 430 943 916)
4(456 969 970 457)
4(430 457 970 943)
4(457 484 997 970)
4(25 538 539 26)
4(26 539 1025 512)
4(52 565 566 53)
4(26 53 566 539)
4(79 592 593 80)
4(53 80 593 566)
4(106 619 620 107)
4(80 107 620 593)
4(133 646 647 134)
4(107 134 647 620)
4(160 673 674 161)
4(134 161 674 647)
4(187 700 701 188)
4(161 188 701 674)
4(214 727 728 215)
4(188 215 728 701)
4(241 754 755 242)
4(215 242 755 728)
4(268 781 782 269)
4(242 269 782 755)
4(295 808 809 296)
4(269 296 809 782)
4(322 835 836 323)
4(296 323 836 809)
4(349 862 863 350)
4(323 350 863 836)
4(376 889 890 377)
4(350 377 890 863)
4(403 916 917 404)
4(377 404 917 890)
4(430 943 944 431)
4(404 431 944 917)
4(457 970 971 458)
4(431 458 971 944)
4(458 485 998 971)
3(26 539 1030)
3(53 566 1031)
3(80 593 1032)
3(107 620 1033)
3(134 647 1034)
3(161 674 1035)
3(188 701 1036)
3(215 728 1037)
3(242 755 1038)
3(269 782 1039)
3(296 809 1040)
3(323 836 1041)
3(350 863 1042)
3(377 890 1043)
3(404 917 1044)
3(431 944 1045)
3(458 971 1046)
3(486 999 1028)
4(486 487 1000 999)
4(487 488 1001 1000)
4(488 489 1002 1001)
4(489 490 1003 1002)
4(490 491 1004 1003)
4(491 492 1005 1004)
4(492 493 1006 1005)
4(493 494 1007 1006)
4(494 495 1008 1007)
4(495 496 1009 1008)
4(496 497 1010 1009)
4(497 498 1011 1010)
4(498 499 1012 1011)
4(499 500 1013 1012)
4(500 501 1014 1013)
4(501 502 1015 1014)
4(502 503 1016 1015)
4(503 504 1017 1016)
4(504 505 1018 1017)
4(505 506 1019 1018)
4(506 507 1020 1019)
4(507 508 1021 1020)
4(508 509 1022 1021)
4(509 510 1023 1022)
4(510 511 1024 1023)
4(511 512 1025 1024)
3(512 1026 1025)
3(1029 972 459)
4(459 972 973 460)
4(460 973 974 461)
4(461 974 975 462)
4(462 975 976 463)
4(463 976 977 464)
4(464 977 978 465)
4(465 978 979 466)
4(466 979 980 467)
4(467 980 981 468)
4(468 981 982 469)
4(469 982 983 470)
4(470 983 984 471)
4(471 984 985 472)
4(472 985 986 473)
4(473 986 987 474)
4(474 987 988 475)
4(475 988 989 476)
4(476 989 990 477)
4(477 990 991 478)
4(478 991 992 479)
4(479 992 993 480)
4(480 993 994 481)
4(481 994 995 482)
4(482 995 996 483)
4(483 996 997 484)
4(484 997 998 485)
3(485 998 1027)
4(0 486 1028 1047)
4(1047 1048 27 0)
4(1048 1049 54 27)
4(1049 1050 81 54)
4(1050 1051 108 81)
4(1051 1052 135 108)
4(1052 1053 162 135)
4(1053 1054 189 162)
4(1054 1055 216 189)
4(1055 1056 243 216)
4(1056 1057 270 243)
4(1057 1058 297 270)
4(1058 1059 324 297)
4(1059 1060 351 324)
4(1060 1061 378 351)
4(1061 1062 405 378)
4(1062 1063 432 405)
4(1063 1029 459 432)
4(0 1 487 486)
4(0 27 28 1)
4(27 54 55 28)
4(54 81 82 55)
4(81 108 109 82)
4(108 135 136 109)
4(135 162 163 136)
4(162 189 190 163)
4(189 216 217 190)
4(216 243 244 217)
4(243 270 271 244)
4(270 297 298 271)
4(297 324 325 298)
4(324 351 352 325)
4(351 378 379 352)
4(378 405 406 379)
4(405 432 433 406)
4(432 459 460 433)
4(1 2 488 487)
4(1 28 29 2)
4(28 55 56 29)
4(55 82 83 56)
4(82 109 110 83)
4(109 136 137 110)
4(136 163 164 137)
4(163 190 191 164)
4(190 217 218 191)
4(217 244 245 218)
4(244 271 272 245)
4(271 298 299 272)
4(298 325 326 299)
4(325 352 353 326)
4(352 379 380 353)
4(379 406 407 380)
4(406 433 434 407)
4(433 460 461 434)
4(2 3 489 488)
4(2 29 30 3)
4(29 56 57 30)
4(56 83 84 57)
4(83 110 111 84)
4(110 137 138 111)
4(137 164 165 138)
4(164 191 192 165)
4(191 218 219 192)
4(218 245 246 219)
4(245 272 273 246)
4(272 299 300 273)
4(299 326 327 300)
4(326 353 354 327)
4(353 380 381 354)
4(380 407 408 381)
4(407 434 435 408)
4(434 461 462 435)
4(3 4 490 489)
4(3 30 31 4)
4(30 57 58 31)
4(57 84 85 58)
4(84 111 112 85)
4(111 138 139 112)
4(138 165 166 139)
4(165 192 193 166)
4(192 219 220 193)
4(219 246 247 220)
4(246 273 274 247)
4(273 300 301 274)
4(300 327 328 301)
4(327 354 355 328)
4(354 381 382 355)
4(381 408 409 382)
4(408 435 436 409)
4(435 462 463 436)
4(4 5 491 490)
4(4 31 32 5)
4(31 58 59 32)
4(58 85 86 59)
4(85 112 113 86)
4(112 139 140 113)
4(139 166 167 140)
4(166 193 194 167)
4(193 220 221 194)
4(220 247 248 221)
4(247 274 275 248)
4(274 301 302 275)
4(301 328 329 302)
4(328 355 356 329)
4(355 382 383 356)
4(382 409 410 383)
4(409 436 437 410)
4(436 463 464 437)
4(5 6 492 491)
4(5 32 33 6)
4(32 59 60 33)
4(59 86 87 60)
4(86 113 114 87)
4(113 140 141 114)
4(140 167 168 141)
4(167 194 195 168)
4(194 221 222 195)
4(221 248 249 222)
4(248 275 276 249)
4(275 302 303 276)
4(302 329 330 303)
4(329 356 357 330)
4(356 383 384 357)
4(383 410 411 384)
4(410 437 438 411)
4(437 464 465 438)
4(6 7 493 492)
4(6 33 34 7)
4(33 60 61 34)
4(60 87 88 61)
4(87 114 115 88)
4(114 141 142 115)
4(141 168 169 142)
4(168 195 196 169)
4(195 222 223 196)
4(222 249 250 223)
4(249 276 277 250)
4(276 303 304 277)
4(303 330 331 304)
4(330 357 358 331)
4(357 384 385 358)
4(384 411 412 385)
4(411 438 439 412)
4(438 465 466 439)
4(7 8 494 493)
4(7 34 35 8)
4(34 61 62 35)
4(61 88 89 62)
4(88 115 116 89)
4(115 142 143 116)
4(142 169 170 143)
4(169 196 197 170)
4(196 223 224 197)
4(223 250 251 224)
4(250 277 278 251)
4(277 304 305 278)
4(304 331 332 305)
4(331 358 359 332)
4(358 385 386 359)
4(385 412 413 386)
4(412 439 440 413)
4(439 466 467 440)
4(8 9 495 494)
4(8 35 36 9)
4(35 62 63 36)
4(62 89 90 63)
4(89 116 117 90)
4(116 143 144 117)
4(143 170 171 144)
4(170 197 198 171)
4(197 224 225 198)
4(224 251 252 225)
4(251 278 279 252)
4(278 305 306 279)
4(305 332 333 306)
4(332 359 360 333)
4(359 386 387 360)
4(386 413 414 387)
4(413 440 441 414)
4(440 467 468 441)
4(9 10 496 495)
4(9 36 37 10)
4(36 63 64 37)
4(63 90 91 64)
4(90 117 118 91)
4(117 144 145 118)
4(144 171 172 145)
4(171 198 199 172)
4(198 225 226 199)
4(225 252 253 226)
4(252 279 280 253)
4(279 306 307 280)
4(306 333 334 307)
4(333 360 361 334)
4(360 387 388 361)
4(387 414 415 388)
4(414 441 442 415)
4(441 468 469 442)
4(10 11 497 496)
4(10 37 38 11)
4(37 64 65 38)
4(64 91 92 65)
4(91 118 119 92)
4(118 145 146 119)
4(145 172 173 146)
4(172 199 200 173)
4(199 226 227 200)
4(226 253 254 227)
4(253 280 281 254)
4(280 307 308 281)
4(307 334 335 308)
4(334 361 362 335)
4(361 388 389 362)
4(388 415 416 389)
4(415 442 443 416)
4(442 469 470 443)
4(11 12 498 497)
4(11 38 39 12)
4(38 65 66 39)
4(65 92 93 66)
4(92 119 120 93)
4(119 146 147 120)
4(146 173 174 147)
4(173 200 201 174)
4(200 227 228 201)
4(227 254 255 228)
4(254 281 282 255)
4(281 308 309 282)
4(308 335 336 309)
4(335 362 363 336)
4(362 389 390 363)
4(389 416 417 390)
4(416 443 444 417)
4(443 470 471 444)
4(12 13 499 498)
4(12 39 40 13)
4(39 66 67 40)
4(66 93 94 67)
4(93 120 121 94)
4(120 147 148 121)
4(147 174 175 148)
4(174 201 202 175)
4(201 228 229 202)
4(228 255 256 229)
4(255 282 283 256)
4(282 309 310 283)
4(309 336 337 310)
4(336 363 364 337)
4(363 390 391 364)
4(390 417 418 391)
4(417 444 445 418)
4(444 471 472 445)
4(13 14 500 499)
4(13 40 41 14)
4(40 67 68 41)
4(67 94 95 68)
4(94 121 122 95)
4(121 148 149 122)
4(148 175 176 149)
4(175 202 203 176)
4(202 229 230 203)
4(229 256 257 230)
4(256 283 284 257)
4(283 310 311 284)
4(310 337 338 311)
4(337 364 365 338)
4(364 391 392 365)
4(391 418 419 392)
4(418 445 446 419)
4(445 472 473 446)
4(14 15 501 500)
4(14 41 42 15)
4(41 68 69 42)
4(68 95 96 69)
4(95 122 123 96)
4(122 149 150 123)
4(149 176 177 150)
4(176 203 204 177)
4(203 230 231 204)
4(230 257 258 231)
4(257 284 285 258)
4(284 311 312 285)
4(311 338 339 312)
4(338 365 366 339)
4(365 392 393 366)
4(392 419 420 393)
4(419 446 447 420)
4(446 473 474 447)
4(15 16 502 501)
4(15 42 43 16)
4(42 69 70 43)
4(69 96 97 70)
4(96 123 124 97)
4(123 150 151 124)
4(150 177 178 151)
4(177 204 205 178)
4(204 231 232 205)
4(231 258 259 232)
4(258 285 286 259)
4(285 312 313 286)
4(312 339 340 313)
4(339 366 367 340)
4(366 393 394 367)
4(393 420 421 394)
4(420 447 448 421)
4(447 474 475 448)
4(16 17 503 502)
4(16 43 44 17)
4(43 70 71 44)
4(70 97 98 71)
4(97 124 125 98)
4(124 151 152 125)
4(151 178 179 152)
4(178 205 206 179)
4(205 232 233 206)
4(232 259 260 233)
4(259 286 287 260)
4(286 313 314 287)
4(313 340 341 314)
4(340 367 368 341)
4(367 394 395 368)
4(394 421 422 395)
4(421 448 449 422)
4(448 475 476 449)
4(17 18 504 503)
4(17 44 45 18)
4(44 71 72 45)
4(71 98 99 72)
4(98 125 126 99)
4(125 152 153 126)
4(152 179 180 153)
4(179 206 207 180)
4(206 233 234 207)
4(233 260 261 234)
4(260 287 288 261)
4(287 314 315 288)
4(314 341 342 315)
4(341 368 369 342)
4(368 395 396 369)
4(395 422 423 396)
4(422 449 450 423)
4(449 476 477 450)
4(18 19 505 504)
4(18 45 46 19)
4(45 72 73 46)
4(72 99 100 73)
4(99 126 127 100)
4(126 153 154 127)
4(153 180 181 154)
4(180 207 208 181)
4(207 234 235 208)
4(234 261 262 235)
4(261 288 289 262)
4(288 315 316 289)
4(315 342 343 316)
4(342 369 370 343)
4(369 396 397 370)
4(396 423 424 397)
4(423 450 451 424)
4(450 477 478 451)
4(19 20 506 505)
4(19 46 47 20)
4(46 73 74 47)
4(73 100 101 74)
4(100 127 128 101)
4(127 154 155 128)
4(154 181 182 155)
4(181 208 209 182)
4(208 235 236 209)
4(235 262 263 236)
4(262 289 290 263)
4(289 316 317 290)
4(316 343 344 317)
4(343 370 371 344)
4(370 397 398 371)
4(397 424 425 398)
4(424 451 452 425)
4(451 478 479 452)
4(20 21 507 506)
4(20 47 48 21)
4(47 74 75 48)
4(74 101 102 75)
4(101 128 129 102)
4(128 155 156 129)
4(155 182 183 156)
4(182 209 210 183)
4(209 236 237 210)
4(236 263 264 237)
4(263 290 291 264)
4(290 317 318 291)
4(317 344 345 318)
4(344 371 372 345)
4(371 398 399 372)
4(398 425 426 399)
4(425 452 453 426)
4(452 479 480 453)
4(21 22 508 507)
4(21 48 49 22)
4(48 75 76 49)
4(75 102 103 76)
4(102 129 130 103)
4(129 156 157 130)
4(156 183 184 157)
4(183 210 211 184)
4(210 237 238 211)
4(237 264 265 238)
4(264 291 292 265)
4(291 318 319 292)
4(318 345 346 319)
4(345 372 373 346)
4(372 399 400 373)
4(399 426 427 400)
4(426 453 454 427)
4(453 480 481 454)
4(22 23 509 508)
4(22 49 50 23)
4(49 76 77 50)
4(76 103 104 77)
4(103 130 131 104)
4(130 157 158 131)
4(157 184 185 158)
4(184 211 212 185)
4(211 238 239 212)
4(238 265 266 239)
4(265 292 293 266)
4(292 319 320 293)
4(319 346 347 320)
4(346 373 374 347)
4(373 400 401 374)
4(400 427 428 401)
4(427 454 455 428)
4(454 481 482 455)
4(23 24 510 509)
4(23 50 51 24)
4(50 77 78 51)
4(77 104 105 78)
4(104 131 132 105)
4(131 158 159 132)
4(158 185 186 159)
4(185 212 213 186)
4(212 239 240 213)
4(239 266 267 240)
4(266 293 294 267)
4(293 320 321 294)
4(320 347 348 321)
4(347 374 375 348)
4(374 401 402 375)
4(401 428 429 402)
4(428 455 456 429)
4(455 482 483 456)
4(24 25 511 510)
4(24 51 52 25)
4(51 78 79 52)
4(78 105 106 79)
4(105 132 133 106)
4(132 159 160 133)
4(159 186 187 160)
4(186 213 214 187)
4(213 240 241 214)
4(240 267 268 241)
4(267 294 295 268)
4(294 321 322 295)
4(321 348 349 322)
4(348 375 376 349)
4(375 402 403 376)
4(402 429 430 403)
4(429 456 457 430)
4(456 483 484 457)
4(25 26 512 511)
4(25 52 53 26)
4(52 79 80 53)
4(79 106 107 80)
4(106 133 134 107)
4(133 160 161 134)
4(160 187 188 161)
4(187 214 215 188)
4(214 241 242 215)
4(241 268 269 242)
4(268 295 296 269)
4(295 322 323 296)
4(322 349 350 323)
4(349 376 377 350)
4(376 403 404 377)
4(403 430 431 404)
4(430 457 458 431)
4(457 484 485 458)
4(26 1030 1026 512)
4(53 1031 1030 26)
4(80 1032 1031 53)
4(107 1033 1032 80)
4(134 1034 1033 107)
4(161 1035 1034 134)
4(188 1036 1035 161)
4(215 1037 1036 188)
4(242 1038 1037 215)
4(269 1039 1038 242)
4(296 1040 1039 269)
4(323 1041 1040 296)
4(350 1042 1041 323)
4(377 1043 1042 350)
4(404 1044 1043 377)
4(431 1045 1044 404)
4(458 1046 1045 431)
4(485 1027 1046 458)
4(513 1047 1028 999)
4(1047 513 540 1048)
4(1048 540 567 1049)
4(1049 567 594 1050)
4(1050 594 621 1051)
4(1051 621 648 1052)
4(1052 648 675 1053)
4(1053 675 702 1054)
4(1054 702 729 1055)
4(1055 729 756 1056)
4(1056 756 783 1057)
4(1057 783 810 1058)
4(1058 810 837 1059)
4(1059 837 864 1060)
4(1060 864 891 1061)
4(1061 891 918 1062)
4(1062 918 945 1063)
4(1063 945 972 1029)
4(513 999 1000 514)
4(513 514 541 540)
4(540 541 568 567)
4(567 568 595 594)
4(594 595 622 621)
4(621 622 649 648)
4(648 649 676 675)
4(675 676 703 702)
4(702 703 730 729)
4(729 730 757 756)
4(756 757 784 783)
4(783 784 811 810)
4(810 811 838 837)
4(837 838 865 864)
4(864 865 892 891)
4(891 892 919 918)
4(918 919 946 945)
4(945 946 973 972)
4(514 1000 1001 515)
4(514 515 542 541)
4(541 542 569 568)
4(568 569 596 595)
4(595 596 623 622)
4(622 623 650 649)
4(649 650 677 676)
4(676 677 704 703)
4(703 704 731 730)
4(730 731 758 757)
4(757 758 785 784)
4(784 785 812 811)
4(811 812 839 838)
4(838 839 866 865)
4(865 866 893 892)
4(892 893 920 919)
4(919 920 947 946)
4(946 947 974 973)
4(515 1001 1002 516)
4(515 516 543 542)
4(542 543 570 569)
4(569 570 597 596)
4(596 597 624 623)
4(623 624 651 650)
4(650 651 678 677)
4(677 678 705 704)
4(704 705 732 731)
4(731 732 759 758)
4(758 759 786 785)
4(785 786 813 812)
4(812 813 840 839)
4(839 840 867 866)
4(866 867 894 893)
4(893 894 921 920)
4(920 921 948 947)
4(947 948 975 974)
4(516 1002 1003 517)
4(516 517 544 543)
4(543 544 571 570)
4(570 571 598 597)
4(597 598 625 624)
4(624 625 652 651)
4(651 652 679 678)
4(678 679 706 705)
4(705 706 733 732)
4(732 733 760 759)
4(759 760 787 786)
4(786 787 814 813)
4(813 814 841 840)
4(840 841 868 867)
4(867 868 895 894)
4(894 895 922 921)
4(921 922 949 948)
4(948 949 976 975)
4(517 1003 1004 518)
4(517 518 545 544)
4(544 545 572 571)
4(571 572 599 598)
4(598 599 626 625)
4(625 626 653 652)
4(652 653 680 679)
4(679 680 707 706)
4(706 707 734 733)
4(733 734 761 760)
4(760 761 788 787)
4(787 788 815 814)
4(814 815 842 841)
4(841 842 869 868)
4(868 869 896 895)
4(895 896 923 922)
4(922 923 950 949)
4(949 950 977 976)
4(518 1004 1005 519)
4(518 519 546 545)
4(545 546 573 572)
4(572 573 600 599)
4(599 600 627 626)
4(626 627 654 653)
4(653 654 681 680)
4(680 681 708 707)
4(707 708 735 734)
4(734 735 762 761)
4(761 762 789 788)
4(788 789 816 815)
4(815 816 843 842)
4(842 843 870 869)
4(869 870 897 896)
4(896 897 924 923)
4(923 924 951 950)
4(950 951 978 977)
4(519 1005 1006 520)
4(519 520 547 546)
4(546 547 574 573)
4(573 574 601 600)
4(600 601 628 627)
4(627 628 655 654)
4(654 655 682 681)
4(681 682 709 708)
4(708 709 736 735)
4(735 736 763 762)
4(762 763 790 789)
4(789 790 817 816)
4(816 817 844 843)
4(843 844 871 870)
4(870 871 898 897)
4(897 898 925 924)
4(924 925 952 951)
4(951 952 979 978)
4(520 1006 1007 521)
4(520 521 548 547)
4(547 548 575 574)
4(574 575 602 601)
4(601 602 629 628)
4(628 629 656 655)
4(655 656 683 682)
4(682 683 710 709)
4(709 710 737 736)
4(736 737 764 763)
4(763 764 791 790)
4(790 791 818 817)
4(817 818 845 844)
4(844 845 872 871)
4(871 872 899 898)
4(898 899 926 925)
4(925 926 953 952)
4(952 953 980 979)
4(521 1007 1008 522)
4(521 522 549 548)
4(548 549 576 575)
4(575 576 603 602)
4(602 603 630 629)
4(629 630 657 656)
4(656 657 684 683)
4(683 684 711 710)
4(710 711 738 737)
4(737 738 765 764)
4(764 765 792 791)
4(791 792 819 818)
4(818 819 846 845)
4(845 846 873 872)
4(872 873 900 899)
4(899 900 927 926)
4(926 927 954 953)
4(953 954 981 980)
4(522 1008 1009 523)
4(522 523 550 549)
4(549 550 577 576)
4(576 577 604 603)
4(603 604 631 630)
4(630 631 658 657)
4(657 658 685 684)
4(684 685 712 711)
4(711 712 739 738)
4(738 739 766 765)
4(765 766 793 792)
4(792 793 820 819)
4(819 820 847 846)
4(846 847 874 873)
4(873 874 901 900)
4(900 901 928 927)
4(927 928 955 954)
4(954 955 982 981)
4(523 1009 1010 524)
4(523 524 551 550)
4(550 551 578 577)
4(577 578 605 604)
4(604 605 632 631)
4(631 632 659 658)
4(658 659 686 685)
4(685 686 713 712)
4(712 713 740 739)
4(739 740 767 766)
4(766 767 794 793)
4(793 794 821 820)
4(820 821 848 847)
4(847 848 875 874)
4(874 875 902 901)
4(901 902 929 928)
4(928 929 956 955)
4(955 956 983 982)
4(524 1010 1011 525)
4(524 525 552 551)
4(551 552 579 578)
4(578 579 606 605)
4(605 606 633 632)
4(632 633 660 659)
4(659 660 687 686)
4(686 687 714 713)
4(713 714 741 740)
4(740 741 768 767)
4(767 768 795 794)
4(794 795 822 821)
4(821 822 849 848)
4(848 849 876 875)
4(875 876 903 902)
4(902 903 930 929)
4(929 930 957 956)
4(956 957 984 983)
4(525 1011 1012 526)
4(525 526 553 552)
4(552 553 580 579)
4(579 580 607 606)
4(606 607 634 633)
4(633 634 661 660)
4(660 661 688 687)
4(687 688 715 714)
4(714 715 742 741)
4(741 742 769 768)
4(768 769 796 795)
4(795 796 823 822)
4(822 823 850 849)
4(849 850 877 876)
4(876 877 904 903)
4(903 904 931 930)
4(930 931 958 957)
4(957 958 985 984)
4(526 1012 1013 527)
4(526 527 554 553)
4(553 554 581 580)
4(580 581 608 607)
4(607 608 635 634)
4(634 635 662 661)
4(661 662 689 688)
4(688 689 716 715)
4(715 716 743 742)
4(742 743 770 769)
4(769 770 797 796)
4(796 797 824 823)
4(823 824 851 850)
4(850 851 878 877)
4(877 878 905 904)
4(904 905 932 931)
4(931 932 959 958)
4(958 959 986 985)
4(527 1013 1014 528)
4(527 528 555 554)
4(554 555 582 581)
4(581 582 609 608)
4(608 609 636 635)
4(635 636 663 662)
4(662 663 690 689)
4(689 690 717 716)
4(716 717 744 743)
4(743 744 771 770)
4(770 771 798 797)
4(797 798 825 824)
4(824 825 852 851)
4(851 852 879 878)
4(878 879 906 905)
4(905 906 933 932)
4(932 933 960 959)
4(959 960 987 986)
4(528 1014 1015 529)
4(528 529 556 555)
4(555 556 583 582)
4(582 583 610 609)
4(609 610 637 636)
4(636 637 664 663)
4(663 664 691 690)
4(690 691 718 717)
4(717 718 745 744)
4(744 745 772 771)
4(771 772 799 798)
4(798 799 826 825)
4(825 826 853 852)
4(852 853 880 879)
4(879 880 907 906)
4(906 907 934 933)
4(933 934 961 960)
4(960 961 988 987)
4(529 1015 1016 530)
4(529 530 557 556)
4(556 557 584 583)
4(583 584 611 610)
4(610 611 638 637)
4(637 638 665 664)
4(664 665 692 691)
4(691 692 719 718)
4(718 719 746 745)
4(745 746 773 772)
4(772 773 800 799)
4(799 800 827 826)
4(826 827 854 853)
4(853 854 881 880)
4(880 881 908 907)
4(907 908 935 934)
4(934 935 962 961)
4(961 962 989 988)
4(530 1016 1017 531)
4(530 531 558 557)
4(557 558 585 584)
4(584 585 612 611)
4(611 612 639 638)
4(638 639 666 665)
4(665 666 693 692)
4(692 693 720 719)
4(719 720 747 746)
4(746 747 774 773)
4(773 774 801 800)
4(800 801 828 827)
4(827 828 855 854)
4(854 855 882 881)
4(881 882 909 908)
4(908 909 936 935)
4(935 936 963 962)
4(962 963 990 989)
4(531 1017 1018 532)
4(531 532 559 558)
4(558 559 586 585)
4(585 586 613 612)
4(612 613 640 639)
4(639 640 667 666)
4(666 667 694 693)
4(693 694 721 720)
4(720 721 748 747)
4(747 748 775 774)
4(774 775 802 801)
4(801 802 829 828)
4(828 829 856 855)
4(855 856 883 882)
4(882 883 910 909)
4(909 910 937 936)
4(936 937 964 963)
4(963 964 991 990)
4(532 1018 1019 533)
4(532 533 560 559)
4(559 560 587 586)
4(586 587 614 613)
4(613 614 641 640)
4(640 641 668 667)
4(667 668 695 694)
4(694 695 722 721)
4(721 722 749 748)
4(748 749 776 775)
4(775 776 803 802)
4(802 803 830 829)
4(829 830 857 856)
4(856 857 884 883)
4(883 884 911 910)
4(910 911 938 937)
4(937 938 965 964)
4(964 965 992 991)
4(533 1019 1020 534)
4(533 534 561 560)
4(560 561 588 587)
4(587 588 615 614)
4(614 615 642 641)
4(641 642 669 668)
4(668 669 696 695)
4(695 696 723 722)
4(722 723 750 749)
4(749 750 777 776)
4(776 777 804 803)
4(803 804 831 830)
4(830 831 858 857)
4(857 858 885 884)
4(884 885 912 911)
4(911 912 939 938)
4(938 939 966 965)
4(965 966 993 992)
4(534 1020 1021 535)
4(534 535 562 561)
4(561 562 589 588)
4(588 589 616 615)
4(615 616 643 642)
4(642 643 670 669)
4(669 670 697 696)
4(696 697 724 723)
4(723 724 751 750)
4(750 751 778 777)
4(777 778 805 804)
4(804 805 832 831)
4(831 832 859 858)
4(858 859 886 885)
4(885 886 913 912)
4(912 913 940 939)
4(939 940 967 966)
4(966 967 994 993)
4(535 1021 1022 536)
4(535 536 563 562)
4(562 563 590 589)
4(589 590 617 616)
4(616 617 644 643)
4(643 644 671 670)
4(670 671 698 697)
4(697 698 725 724)
4(724 725 752 751)
4(751 752 779 778)
4(778 779 806 805)
4(805 806 833 832)
4(832 833 860 859)
4(859 860 887 886)
4(886 887 914 913)
4(913 914 941 940)
4(940 941 968 967)
4(967 968 995 994)
4(536 1022 1023 537)
4(536 537 564 563)
4(563 564 591 590)
4(590 591 618 617)
4(617 618 645 644)
4(644 645 672 671)
4(671 672 699 698)
4(698 699 726 725)
4(725 726 753 752)
4(752 753 780 779)
4(779 780 807 806)
4(806 807 834 833)
4(833 834 861 860)
4(860 861 888 887)
4(887 888 915 914)
4(914 915 942 941)
4(941 942 969 968)
4(968 969 996 995)
4(537 1023 1024 538)
4(537 538 565 564)
4(564 565 592 591)
4(591 592 619 618)
4(618 619 646 645)
4(645 646 673 672)
4(672 673 700 699)
4(699 700 727 726)
4(726 727 754 753)
4(753 754 781 780)
4(780 781 808 807)
4(807 808 835 834)
4(834 835 862 861)
4(861 862 889 888)
4(888 889 916 915)
4(915 916 943 942)
4(942 943 970 969)
4(969 970 997 996)
4(538 1024 1025 539)
4(538 539 566 565)
4(565 566 593 592)
4(592 593 620 619)
4(619 620 647 646)
4(646 647 674 673)
4(673 674 701 700)
4(700 701 728 727)
4(727 728 755 754)
4(754 755 782 781)
4(781 782 809 808)
4(808 809 836 835)
4(835 836 863 862)
4(862 863 890 889)
4(889 890 917 916)
4(916 917 944 943)
4(943 944 971 970)
4(970 971 998 997)
4(539 1025 1026 1030)
4(566 539 1030 1031)
4(593 566 1031 1032)
4(620 593 1032 1033)
4(647 620 1033 1034)
4(674 647 1034 1035)
4(701 674 1035 1036)
4(728 701 1036 1037)
4(755 728 1037 1038)
4(782 755 1038 1039)
4(809 782 1039 1040)
4(836 809 1040 1041)
4(863 836 1041 1042)
4(890 863 1042 1043)
4(917 890 1043 1044)
4(944 917 1044 1045)
4(971 944 1045 1046)
4(998 971 1046 1027)
)


// ************************************************************************* //
