/*--------------------------------*- C++ -*----------------------------------*\
| =========                 |                                                 |
| \\      /  F ield         | OpenFOAM: The Open Source CFD Toolbox           |
|  \\    /   O peration     | Version:  v2012                                 |
|   \\  /    A nd           | Website:  www.openfoam.com                      |
|    \\/     M anipulation  |                                                 |
\*---------------------------------------------------------------------------*/
FoamFile
{
    version     2.0;
    format      ascii;
    class       vectorField;
    location    "constant/polyMesh";
    object      points;
}
// * * * * * * * * * * * * * * * * * * * * * * * * * * * * * * * * * * * * * //


1064
(
(0.607269 0.0683576 0.00298456)
(0.595789 0.135856 0.00593158)
(0.576818 0.201645 0.00880402)
(0.550592 0.264899 0.0115657)
(0.517443 0.324821 0.014182)
(0.477786 0.380659 0.0166199)
(0.432121 0.43171 0.0188488)
(0.381022 0.477331 0.0208407)
(0.325131 0.51695 0.0225705)
(0.265151 0.550068 0.0240165)
(0.201837 0.576269 0.0251604)
(0.135985 0.595222 0.025988)
(0.0684227 0.606691 0.0264887)
(0 0.610529 0.0266563)
(-0.0684227 0.606691 0.0264887)
(-0.135985 0.595222 0.025988)
(-0.201837 0.576269 0.0251604)
(-0.265151 0.550068 0.0240165)
(-0.325131 0.51695 0.0225705)
(-0.381022 0.477331 0.0208407)
(-0.432121 0.43171 0.0188488)
(-0.477786 0.380659 0.0166199)
(-0.517443 0.324821 0.014182)
(-0.550592 0.264899 0.0115657)
(-0.576818 0.201645 0.00880402)
(-0.595789 0.135856 0.00593158)
(-0.607269 0.0683576 0.00298456)
(0.717681 0.0807863 0.0035272)
(0.704115 0.160557 0.00701005)
(0.681694 0.238308 0.0104047)
(0.6507 0.313062 0.0136686)
(0.611523 0.38388 0.0167605)
(0.564656 0.44987 0.0196417)
(0.510688 0.510202 0.0222759)
(0.450298 0.564119 0.02463)
(0.384245 0.610941 0.0266743)
(0.31336 0.65008 0.0283831)
(0.238535 0.681045 0.0297351)
(0.16071 0.703444 0.030713)
(0.0808632 0.716998 0.0313048)
(0 0.721535 0.0315029)
(-0.0808632 0.716998 0.0313048)
(-0.16071 0.703444 0.030713)
(-0.238535 0.681045 0.0297351)
(-0.31336 0.65008 0.0283831)
(-0.384245 0.610941 0.0266743)
(-0.450298 0.564119 0.02463)
(-0.510688 0.510202 0.0222759)
(-0.564656 0.44987 0.0196417)
(-0.611523 0.38388 0.0167605)
(-0.6507 0.313062 0.0136686)
(-0.681694 0.238308 0.0104047)
(-0.704115 0.160557 0.00701005)
(-0.717681 0.0807863 0.0035272)
(0.828094 0.0932149 0.00406985)
(0.81244 0.185258 0.00808852)
(0.786569 0.274971 0.0120055)
(0.750807 0.361226 0.0157715)
(0.705603 0.442938 0.0193391)
(0.651526 0.51908 0.0226635)
(0.589256 0.588695 0.025703)
(0.519575 0.650906 0.0284192)
(0.44336 0.704932 0.030778)
(0.36157 0.750093 0.0327498)
(0.275233 0.785821 0.0343097)
(0.185434 0.811667 0.0354381)
(0.0933037 0.827305 0.0361209)
(0 0.83254 0.0363495)
(-0.0933037 0.827305 0.0361209)
(-0.185434 0.811667 0.0354381)
(-0.275233 0.785821 0.0343097)
(-0.36157 0.750093 0.0327498)
(-0.44336 0.704932 0.030778)
(-0.519575 0.650906 0.0284192)
(-0.589256 0.588695 0.025703)
(-0.651526 0.51908 0.0226635)
(-0.705603 0.442938 0.0193391)
(-0.750807 0.361226 0.0157715)
(-0.786569 0.274971 0.0120055)
(-0.81244 0.185258 0.00808852)
(-0.828094 0.0932149 0.00406985)
(0.938506 0.105644 0.0046125)
(0.920765 0.209959 0.00916699)
(0.891445 0.311633 0.0136062)
(0.850915 0.409389 0.0178743)
(0.799684 0.501996 0.0219176)
(0.738396 0.588291 0.0256853)
(0.667823 0.667187 0.02913)
(0.588851 0.737694 0.0322084)
(0.502475 0.798923 0.0348817)
(0.409779 0.850105 0.0371164)
(0.31193 0.890597 0.0388843)
(0.210159 0.919889 0.0401632)
(0.105744 0.937613 0.0409371)
(0 0.943546 0.0411961)
(-0.105744 0.937613 0.0409371)
(-0.210159 0.919889 0.0401632)
(-0.31193 0.890597 0.0388843)
(-0.409779 0.850105 0.0371164)
(-0.502475 0.798923 0.0348817)
(-0.588851 0.737694 0.0322084)
(-0.667823 0.667187 0.02913)
(-0.738396 0.588291 0.0256853)
(-0.799684 0.501996 0.0219176)
(-0.850915 0.409389 0.0178743)
(-0.891445 0.311633 0.0136062)
(-0.920765 0.209959 0.00916699)
(-0.938506 0.105644 0.0046125)
(1.04892 0.118072 0.00515515)
(1.02909 0.23466 0.0102455)
(0.996321 0.348296 0.0152069)
(0.951023 0.457552 0.0199772)
(0.893764 0.561055 0.0244962)
(0.825267 0.657502 0.0287071)
(0.74639 0.74568 0.0325571)
(0.658128 0.824481 0.0359976)
(0.561589 0.892914 0.0389855)
(0.457988 0.950118 0.041483)
(0.348628 0.995373 0.0434589)
(0.234883 1.02811 0.0448883)
(0.118185 1.04792 0.0457532)
(0 1.05455 0.0460427)
(-0.118185 1.04792 0.0457532)
(-0.234883 1.02811 0.0448883)
(-0.348628 0.995373 0.0434589)
(-0.457988 0.950118 0.041483)
(-0.561589 0.892914 0.0389855)
(-0.658128 0.824481 0.0359976)
(-0.74639 0.74568 0.0325571)
(-0.825267 0.657502 0.0287071)
(-0.893764 0.561055 0.0244962)
(-0.951023 0.457552 0.0199772)
(-0.996321 0.348296 0.0152069)
(-1.02909 0.23466 0.0102455)
(-1.04892 0.118072 0.00515515)
(1.15933 0.130501 0.00569779)
(1.13742 0.259361 0.0113239)
(1.1012 0.384959 0.0168077)
(1.05113 0.505716 0.02208)
(0.987845 0.620113 0.0270747)
(0.912137 0.726712 0.031729)
(0.824958 0.824173 0.0359842)
(0.727405 0.911269 0.0397868)
(0.620704 0.986905 0.0430892)
(0.506198 1.05013 0.0458497)
(0.385326 1.10015 0.0480335)
(0.259608 1.13633 0.0496134)
(0.130625 1.15823 0.0505693)
(0 1.16556 0.0508893)
(-0.130625 1.15823 0.0505693)
(-0.259608 1.13633 0.0496134)
(-0.385326 1.10015 0.0480335)
(-0.506198 1.05013 0.0458497)
(-0.620704 0.986905 0.0430892)
(-0.727405 0.911269 0.0397868)
(-0.824958 0.824173 0.0359842)
(-0.912137 0.726712 0.031729)
(-0.987845 0.620113 0.0270747)
(-1.05113 0.505716 0.02208)
(-1.1012 0.384959 0.0168077)
(-1.13742 0.259361 0.0113239)
(-1.15933 0.130501 0.00569779)
(1.26974 0.14293 0.00624044)
(1.24574 0.284062 0.0124024)
(1.20607 0.421622 0.0184084)
(1.15124 0.553879 0.0241829)
(1.08193 0.679172 0.0296533)
(0.999007 0.795923 0.0347508)
(0.903525 0.902665 0.0394112)
(0.796681 0.998056 0.0435761)
(0.679819 1.0809 0.0471929)
(0.554407 1.15014 0.0502163)
(0.422023 1.20493 0.0526082)
(0.284332 1.24456 0.0543385)
(0.143066 1.26853 0.0553854)
(0 1.27656 0.0557359)
(-0.143066 1.26853 0.0553854)
(-0.284332 1.24456 0.0543385)
(-0.422023 1.20493 0.0526082)
(-0.554407 1.15014 0.0502163)
(-0.679819 1.0809 0.0471929)
(-0.796681 0.998056 0.0435761)
(-0.903525 0.902665 0.0394112)
(-0.999007 0.795923 0.0347508)
(-1.08193 0.679172 0.0296533)
(-1.15124 0.553879 0.0241829)
(-1.20607 0.421622 0.0184084)
(-1.24574 0.284062 0.0124024)
(-1.26974 0.14293 0.00624044)
(1.38016 0.155358 0.00678309)
(1.35407 0.308763 0.0134809)
(1.31095 0.458284 0.0200091)
(1.25135 0.602043 0.0262858)
(1.17601 0.73823 0.0322318)
(1.08588 0.865134 0.0377726)
(0.982093 0.981158 0.0428383)
(0.865958 1.08484 0.0473653)
(0.738933 1.17489 0.0512967)
(0.602616 1.25015 0.0545829)
(0.458721 1.3097 0.0571828)
(0.309057 1.35278 0.0590636)
(0.155506 1.37884 0.0602016)
(0 1.38757 0.0605825)
(-0.155506 1.37884 0.0602016)
(-0.309057 1.35278 0.0590636)
(-0.458721 1.3097 0.0571828)
(-0.602616 1.25015 0.0545829)
(-0.738933 1.17489 0.0512967)
(-0.865958 1.08484 0.0473653)
(-0.982093 0.981158 0.0428383)
(-1.08588 0.865134 0.0377726)
(-1.17601 0.73823 0.0322318)
(-1.25135 0.602043 0.0262858)
(-1.31095 0.458284 0.0200091)
(-1.35407 0.308763 0.0134809)
(-1.38016 0.155358 0.00678309)
(1.49057 0.167787 0.00732573)
(1.46239 0.333464 0.0145593)
(1.41582 0.494947 0.0216099)
(1.35145 0.650206 0.0283886)
(1.27009 0.797289 0.0348104)
(1.17275 0.934345 0.0407944)
(1.06066 1.05965 0.0462653)
(0.935235 1.17163 0.0511545)
(0.798048 1.26888 0.0554004)
(0.650826 1.35017 0.0589496)
(0.495419 1.41448 0.0617574)
(0.333781 1.461 0.0637886)
(0.167947 1.48915 0.0650177)
(0 1.49857 0.0654291)
(-0.167947 1.48915 0.0650177)
(-0.333781 1.461 0.0637886)
(-0.495419 1.41448 0.0617574)
(-0.650826 1.35017 0.0589496)
(-0.798048 1.26888 0.0554004)
(-0.935235 1.17163 0.0511545)
(-1.06066 1.05965 0.0462653)
(-1.17275 0.934345 0.0407944)
(-1.27009 0.797289 0.0348104)
(-1.35145 0.650206 0.0283886)
(-1.41582 0.494947 0.0216099)
(-1.46239 0.333464 0.0145593)
(-1.49057 0.167787 0.00732573)
(1.60098 0.180216 0.00786838)
(1.57072 0.358165 0.0156378)
(1.5207 0.53161 0.0232106)
(1.45156 0.69837 0.0304915)
(1.36417 0.856347 0.0373889)
(1.25962 1.00356 0.0438162)
(1.13923 1.13814 0.0496924)
(1.00451 1.25842 0.0549437)
(0.857163 1.36287 0.0595041)
(0.699035 1.45018 0.0633162)
(0.532116 1.51925 0.066332)
(0.358506 1.56922 0.0685137)
(0.180387 1.59946 0.0698338)
(0 1.60958 0.0702757)
(-0.180387 1.59946 0.0698338)
(-0.358506 1.56922 0.0685137)
(-0.532116 1.51925 0.066332)
(-0.699035 1.45018 0.0633162)
(-0.857163 1.36287 0.0595041)
(-1.00451 1.25842 0.0549437)
(-1.13923 1.13814 0.0496924)
(-1.25962 1.00356 0.0438162)
(-1.36417 0.856347 0.0373889)
(-1.45156 0.69837 0.0304915)
(-1.5207 0.53161 0.0232106)
(-1.57072 0.358165 0.0156378)
(-1.60098 0.180216 0.00786838)
(1.71139 0.192644 0.00841103)
(1.67904 0.382866 0.0167163)
(1.62558 0.568273 0.0248113)
(1.55167 0.746533 0.0325943)
(1.45825 0.915405 0.0399675)
(1.34649 1.07277 0.046838)
(1.2178 1.21664 0.0531195)
(1.07379 1.34521 0.058733)
(0.916277 1.45686 0.0636079)
(0.747244 1.55019 0.0676828)
(0.568814 1.62403 0.0709067)
(0.38323 1.67744 0.0732388)
(0.192828 1.70976 0.0746499)
(0 1.72058 0.0751223)
(-0.192828 1.70976 0.0746499)
(-0.38323 1.67744 0.0732388)
(-0.568814 1.62403 0.0709067)
(-0.747244 1.55019 0.0676828)
(-0.916277 1.45686 0.0636079)
(-1.07379 1.34521 0.058733)
(-1.2178 1.21664 0.0531195)
(-1.34649 1.07277 0.046838)
(-1.45825 0.915405 0.0399675)
(-1.55167 0.746533 0.0325943)
(-1.62558 0.568273 0.0248113)
(-1.67904 0.382866 0.0167163)
(-1.71139 0.192644 0.00841103)
(1.82181 0.205073 0.00895367)
(1.78737 0.407567 0.0177947)
(1.73045 0.604935 0.026412)
(1.65178 0.794696 0.0346972)
(1.55233 0.974464 0.042546)
(1.43336 1.14198 0.0498598)
(1.29636 1.29513 0.0565465)
(1.14306 1.43199 0.0625222)
(0.975392 1.55085 0.0677116)
(0.795454 1.6502 0.0720495)
(0.605512 1.72881 0.0754813)
(0.407955 1.78567 0.0779639)
(0.205268 1.82007 0.079466)
(0 1.83159 0.0799689)
(-0.205268 1.82007 0.079466)
(-0.407955 1.78567 0.0779639)
(-0.605512 1.72881 0.0754813)
(-0.795454 1.6502 0.0720495)
(-0.975392 1.55085 0.0677116)
(-1.14306 1.43199 0.0625222)
(-1.29636 1.29513 0.0565465)
(-1.43336 1.14198 0.0498598)
(-1.55233 0.974464 0.042546)
(-1.65178 0.794696 0.0346972)
(-1.73045 0.604935 0.026412)
(-1.78737 0.407567 0.0177947)
(-1.82181 0.205073 0.00895367)
(1.93222 0.217501 0.00949632)
(1.89569 0.432268 0.0188732)
(1.83533 0.641598 0.0280128)
(1.75188 0.84286 0.0368001)
(1.64641 1.03352 0.0451246)
(1.52023 1.21119 0.0528816)
(1.37493 1.37362 0.0599736)
(1.21234 1.51878 0.0663114)
(1.03451 1.64484 0.0718153)
(0.843663 1.75022 0.0764161)
(0.642209 1.83358 0.0800559)
(0.43268 1.89389 0.082689)
(0.217709 1.93038 0.0842822)
(0 1.94259 0.0848155)
(-0.217709 1.93038 0.0842822)
(-0.43268 1.89389 0.082689)
(-0.642209 1.83358 0.0800559)
(-0.843663 1.75022 0.0764161)
(-1.03451 1.64484 0.0718153)
(-1.21234 1.51878 0.0663114)
(-1.37493 1.37362 0.0599736)
(-1.52023 1.21119 0.0528816)
(-1.64641 1.03352 0.0451246)
(-1.75188 0.84286 0.0368001)
(-1.83533 0.641598 0.0280128)
(-1.89569 0.432268 0.0188732)
(-1.93222 0.217501 0.00949632)
(2.04263 0.22993 0.010039)
(2.00402 0.456969 0.0199517)
(1.9402 0.678261 0.0296135)
(1.85199 0.891023 0.0389029)
(1.74049 1.09258 0.0477031)
(1.6071 1.2804 0.0559034)
(1.4535 1.45211 0.0634007)
(1.28162 1.60557 0.0701006)
(1.09362 1.73883 0.075919)
(0.891872 1.85023 0.0807827)
(0.678907 1.93836 0.0846305)
(0.457404 2.00211 0.0874141)
(0.230149 2.04069 0.0890983)
(0 2.0536 0.0896621)
(-0.230149 2.04069 0.0890983)
(-0.457404 2.00211 0.0874141)
(-0.678907 1.93836 0.0846305)
(-0.891872 1.85023 0.0807827)
(-1.09362 1.73883 0.075919)
(-1.28162 1.60557 0.0701006)
(-1.4535 1.45211 0.0634007)
(-1.6071 1.2804 0.0559034)
(-1.74049 1.09258 0.0477031)
(-1.85199 0.891023 0.0389029)
(-1.9402 0.678261 0.0296135)
(-2.00402 0.456969 0.0199517)
(-2.04263 0.22993 0.010039)
(2.15304 0.242359 0.0105816)
(2.11234 0.48167 0.0210302)
(2.04508 0.714924 0.0312142)
(1.9521 0.939187 0.0410058)
(1.83457 1.15164 0.0502816)
(1.69397 1.34961 0.0589252)
(1.53206 1.53061 0.0668277)
(1.35089 1.69236 0.0738899)
(1.15274 1.83282 0.0800228)
(0.940081 1.95024 0.0851494)
(0.715605 2.04313 0.0892052)
(0.482129 2.11033 0.0921391)
(0.24259 2.15099 0.0939144)
(0 2.1646 0.0945087)
(-0.24259 2.15099 0.0939144)
(-0.482129 2.11033 0.0921391)
(-0.715605 2.04313 0.0892052)
(-0.940081 1.95024 0.0851494)
(-1.15274 1.83282 0.0800228)
(-1.35089 1.69236 0.0738899)
(-1.53206 1.53061 0.0668277)
(-1.69397 1.34961 0.0589252)
(-1.83457 1.15164 0.0502816)
(-1.9521 0.939187 0.0410058)
(-2.04508 0.714924 0.0312142)
(-2.11234 0.48167 0.0210302)
(-2.15304 0.242359 0.0105816)
(2.26346 0.254787 0.0111243)
(2.22067 0.506371 0.0221086)
(2.14996 0.751586 0.032815)
(2.05221 0.98735 0.0431086)
(1.92865 1.2107 0.0528602)
(1.78084 1.41882 0.061947)
(1.61063 1.6091 0.0702548)
(1.42017 1.77914 0.0776791)
(1.21185 1.92681 0.0841265)
(0.988291 2.05025 0.089516)
(0.752302 2.14791 0.0937798)
(0.506853 2.21856 0.0968642)
(0.25503 2.2613 0.0987305)
(0 2.27561 0.0993553)
(-0.25503 2.2613 0.0987305)
(-0.506853 2.21856 0.0968642)
(-0.752302 2.14791 0.0937798)
(-0.988291 2.05025 0.089516)
(-1.21185 1.92681 0.0841265)
(-1.42017 1.77914 0.0776791)
(-1.61063 1.6091 0.0702548)
(-1.78084 1.41882 0.061947)
(-1.92865 1.2107 0.0528602)
(-2.05221 0.98735 0.0431086)
(-2.14996 0.751586 0.032815)
(-2.22067 0.506371 0.0221086)
(-2.26346 0.254787 0.0111243)
(2.37387 0.267216 0.0116669)
(2.32899 0.531072 0.0231871)
(2.25483 0.788249 0.0344157)
(2.15231 1.03551 0.0452115)
(2.02273 1.26976 0.0554387)
(1.86771 1.48803 0.0649688)
(1.6892 1.68759 0.0736818)
(1.48945 1.86593 0.0814683)
(1.27097 2.0208 0.0882302)
(1.0365 2.15027 0.0938826)
(0.789 2.25269 0.0983544)
(0.531578 2.32678 0.101589)
(0.267471 2.37161 0.103547)
(0 2.38662 0.104202)
(-0.267471 2.37161 0.103547)
(-0.531578 2.32678 0.101589)
(-0.789 2.25269 0.0983544)
(-1.0365 2.15027 0.0938826)
(-1.27097 2.0208 0.0882302)
(-1.48945 1.86593 0.0814683)
(-1.6892 1.68759 0.0736818)
(-1.86771 1.48803 0.0649688)
(-2.02273 1.26976 0.0554387)
(-2.15231 1.03551 0.0452115)
(-2.25483 0.788249 0.0344157)
(-2.32899 0.531072 0.0231871)
(-2.37387 0.267216 0.0116669)
(2.48428 0.279645 0.0122096)
(2.43732 0.555773 0.0242656)
(2.35971 0.824912 0.0360164)
(2.25242 1.08368 0.0473144)
(2.11681 1.32881 0.0580173)
(1.95458 1.55724 0.0679906)
(1.76777 1.76608 0.0771089)
(1.55872 1.95272 0.0852575)
(1.33008 2.1148 0.092334)
(1.08471 2.25028 0.0982493)
(0.825698 2.35746 0.102929)
(0.556302 2.435 0.106314)
(0.279911 2.48192 0.108363)
(0 2.49762 0.109048)
(-0.279911 2.48192 0.108363)
(-0.556302 2.435 0.106314)
(-0.825698 2.35746 0.102929)
(-1.08471 2.25028 0.0982493)
(-1.33008 2.1148 0.092334)
(-1.55872 1.95272 0.0852575)
(-1.76777 1.76608 0.0771089)
(-1.95458 1.55724 0.0679906)
(-2.11681 1.32881 0.0580173)
(-2.25242 1.08368 0.0473144)
(-2.35971 0.824912 0.0360164)
(-2.43732 0.555773 0.0242656)
(-2.48428 0.279645 0.0122096)
(0.496856 0.055929 0.00244191)
(0.487464 0.111155 0.00485311)
(0.471942 0.164982 0.00720329)
(0.450484 0.216735 0.00946287)
(0.423362 0.265763 0.0116035)
(0.390916 0.311448 0.0135981)
(0.353553 0.353217 0.0154218)
(0.311745 0.390544 0.0170515)
(0.266016 0.422959 0.0184668)
(0.216942 0.450056 0.0196499)
(0.16514 0.471492 0.0205858)
(0.11126 0.487 0.0212629)
(0.0559822 0.496383 0.0216726)
(0 0.499524 0.0218097)
(-0.0559822 0.496383 0.0216726)
(-0.11126 0.487 0.0212629)
(-0.16514 0.471492 0.0205858)
(-0.216942 0.450056 0.0196499)
(-0.266016 0.422959 0.0184668)
(-0.311745 0.390544 0.0170515)
(-0.353553 0.353217 0.0154218)
(-0.390916 0.311448 0.0135981)
(-0.423362 0.265763 0.0116035)
(-0.450484 0.216735 0.00946287)
(-0.471942 0.164982 0.00720329)
(-0.487464 0.111155 0.00485311)
(-0.496856 0.055929 0.00244191)
(0.607269 0.0683576 -0.00298456)
(0.595789 0.135856 -0.00593158)
(0.576818 0.201645 -0.00880402)
(0.550592 0.264899 -0.0115657)
(0.517443 0.324821 -0.014182)
(0.477786 0.380659 -0.0166199)
(0.432121 0.43171 -0.0188488)
(0.381022 0.477331 -0.0208407)
(0.325131 0.51695 -0.0225705)
(0.265151 0.550068 -0.0240165)
(0.201837 0.576269 -0.0251604)
(0.135985 0.595222 -0.025988)
(0.0684227 0.606691 -0.0264887)
(0 0.610529 -0.0266563)
(-0.0684227 0.606691 -0.0264887)
(-0.135985 0.595222 -0.025988)
(-0.201837 0.576269 -0.0251604)
(-0.265151 0.550068 -0.0240165)
(-0.325131 0.51695 -0.0225705)
(-0.381022 0.477331 -0.0208407)
(-0.432121 0.43171 -0.0188488)
(-0.477786 0.380659 -0.0166199)
(-0.517443 0.324821 -0.014182)
(-0.550592 0.264899 -0.0115657)
(-0.576818 0.201645 -0.00880402)
(-0.595789 0.135856 -0.00593158)
(-0.607269 0.0683576 -0.00298456)
(0.717681 0.0807863 -0.0035272)
(0.704115 0.160557 -0.00701005)
(0.681694 0.238308 -0.0104047)
(0.6507 0.313062 -0.0136686)
(0.611523 0.38388 -0.0167605)
(0.564656 0.44987 -0.0196417)
(0.510688 0.510202 -0.0222759)
(0.450298 0.564119 -0.02463)
(0.384245 0.610941 -0.0266743)
(0.31336 0.65008 -0.0283831)
(0.238535 0.681045 -0.0297351)
(0.16071 0.703444 -0.030713)
(0.0808632 0.716998 -0.0313048)
(0 0.721535 -0.0315029)
(-0.0808632 0.716998 -0.0313048)
(-0.16071 0.703444 -0.030713)
(-0.238535 0.681045 -0.0297351)
(-0.31336 0.65008 -0.0283831)
(-0.384245 0.610941 -0.0266743)
(-0.450298 0.564119 -0.02463)
(-0.510688 0.510202 -0.0222759)
(-0.564656 0.44987 -0.0196417)
(-0.611523 0.38388 -0.0167605)
(-0.6507 0.313062 -0.0136686)
(-0.681694 0.238308 -0.0104047)
(-0.704115 0.160557 -0.00701005)
(-0.717681 0.0807863 -0.0035272)
(0.828094 0.0932149 -0.00406985)
(0.81244 0.185258 -0.00808852)
(0.786569 0.274971 -0.0120055)
(0.750807 0.361226 -0.0157715)
(0.705603 0.442938 -0.0193391)
(0.651526 0.51908 -0.0226635)
(0.589256 0.588695 -0.025703)
(0.519575 0.650906 -0.0284192)
(0.44336 0.704932 -0.030778)
(0.36157 0.750093 -0.0327498)
(0.275233 0.785821 -0.0343097)
(0.185434 0.811667 -0.0354381)
(0.0933037 0.827305 -0.0361209)
(0 0.83254 -0.0363495)
(-0.0933037 0.827305 -0.0361209)
(-0.185434 0.811667 -0.0354381)
(-0.275233 0.785821 -0.0343097)
(-0.36157 0.750093 -0.0327498)
(-0.44336 0.704932 -0.030778)
(-0.519575 0.650906 -0.0284192)
(-0.589256 0.588695 -0.025703)
(-0.651526 0.51908 -0.0226635)
(-0.705603 0.442938 -0.0193391)
(-0.750807 0.361226 -0.0157715)
(-0.786569 0.274971 -0.0120055)
(-0.81244 0.185258 -0.00808852)
(-0.828094 0.0932149 -0.00406985)
(0.938506 0.105644 -0.0046125)
(0.920765 0.209959 -0.00916699)
(0.891445 0.311633 -0.0136062)
(0.850915 0.409389 -0.0178743)
(0.799684 0.501996 -0.0219176)
(0.738396 0.588291 -0.0256853)
(0.667823 0.667187 -0.02913)
(0.588851 0.737694 -0.0322084)
(0.502475 0.798923 -0.0348817)
(0.409779 0.850105 -0.0371164)
(0.31193 0.890597 -0.0388843)
(0.210159 0.919889 -0.0401632)
(0.105744 0.937613 -0.0409371)
(0 0.943546 -0.0411961)
(-0.105744 0.937613 -0.0409371)
(-0.210159 0.919889 -0.0401632)
(-0.31193 0.890597 -0.0388843)
(-0.409779 0.850105 -0.0371164)
(-0.502475 0.798923 -0.0348817)
(-0.588851 0.737694 -0.0322084)
(-0.667823 0.667187 -0.02913)
(-0.738396 0.588291 -0.0256853)
(-0.799684 0.501996 -0.0219176)
(-0.850915 0.409389 -0.0178743)
(-0.891445 0.311633 -0.0136062)
(-0.920765 0.209959 -0.00916699)
(-0.938506 0.105644 -0.0046125)
(1.04892 0.118072 -0.00515515)
(1.02909 0.23466 -0.0102455)
(0.996321 0.348296 -0.0152069)
(0.951023 0.457552 -0.0199772)
(0.893764 0.561055 -0.0244962)
(0.825267 0.657502 -0.0287071)
(0.74639 0.74568 -0.0325571)
(0.658128 0.824481 -0.0359976)
(0.561589 0.892914 -0.0389855)
(0.457988 0.950118 -0.041483)
(0.348628 0.995373 -0.0434589)
(0.234883 1.02811 -0.0448883)
(0.118185 1.04792 -0.0457532)
(0 1.05455 -0.0460427)
(-0.118185 1.04792 -0.0457532)
(-0.234883 1.02811 -0.0448883)
(-0.348628 0.995373 -0.0434589)
(-0.457988 0.950118 -0.041483)
(-0.561589 0.892914 -0.0389855)
(-0.658128 0.824481 -0.0359976)
(-0.74639 0.74568 -0.0325571)
(-0.825267 0.657502 -0.0287071)
(-0.893764 0.561055 -0.0244962)
(-0.951023 0.457552 -0.0199772)
(-0.996321 0.348296 -0.0152069)
(-1.02909 0.23466 -0.0102455)
(-1.04892 0.118072 -0.00515515)
(1.15933 0.130501 -0.00569779)
(1.13742 0.259361 -0.0113239)
(1.1012 0.384959 -0.0168077)
(1.05113 0.505716 -0.02208)
(0.987845 0.620113 -0.0270747)
(0.912137 0.726712 -0.031729)
(0.824958 0.824173 -0.0359842)
(0.727405 0.911269 -0.0397868)
(0.620704 0.986905 -0.0430892)
(0.506198 1.05013 -0.0458497)
(0.385326 1.10015 -0.0480335)
(0.259608 1.13633 -0.0496134)
(0.130625 1.15823 -0.0505693)
(0 1.16556 -0.0508893)
(-0.130625 1.15823 -0.0505693)
(-0.259608 1.13633 -0.0496134)
(-0.385326 1.10015 -0.0480335)
(-0.506198 1.05013 -0.0458497)
(-0.620704 0.986905 -0.0430892)
(-0.727405 0.911269 -0.0397868)
(-0.824958 0.824173 -0.0359842)
(-0.912137 0.726712 -0.031729)
(-0.987845 0.620113 -0.0270747)
(-1.05113 0.505716 -0.02208)
(-1.1012 0.384959 -0.0168077)
(-1.13742 0.259361 -0.0113239)
(-1.15933 0.130501 -0.00569779)
(1.26974 0.14293 -0.00624044)
(1.24574 0.284062 -0.0124024)
(1.20607 0.421622 -0.0184084)
(1.15124 0.553879 -0.0241829)
(1.08193 0.679172 -0.0296533)
(0.999007 0.795923 -0.0347508)
(0.903525 0.902665 -0.0394112)
(0.796681 0.998056 -0.0435761)
(0.679819 1.0809 -0.0471929)
(0.554407 1.15014 -0.0502163)
(0.422023 1.20493 -0.0526082)
(0.284332 1.24456 -0.0543385)
(0.143066 1.26853 -0.0553854)
(0 1.27656 -0.0557359)
(-0.143066 1.26853 -0.0553854)
(-0.284332 1.24456 -0.0543385)
(-0.422023 1.20493 -0.0526082)
(-0.554407 1.15014 -0.0502163)
(-0.679819 1.0809 -0.0471929)
(-0.796681 0.998056 -0.0435761)
(-0.903525 0.902665 -0.0394112)
(-0.999007 0.795923 -0.0347508)
(-1.08193 0.679172 -0.0296533)
(-1.15124 0.553879 -0.0241829)
(-1.20607 0.421622 -0.0184084)
(-1.24574 0.284062 -0.0124024)
(-1.26974 0.14293 -0.00624044)
(1.38016 0.155358 -0.00678309)
(1.35407 0.308763 -0.0134809)
(1.31095 0.458284 -0.0200091)
(1.25135 0.602043 -0.0262858)
(1.17601 0.73823 -0.0322318)
(1.08588 0.865134 -0.0377726)
(0.982093 0.981158 -0.0428383)
(0.865958 1.08484 -0.0473653)
(0.738933 1.17489 -0.0512967)
(0.602616 1.25015 -0.0545829)
(0.458721 1.3097 -0.0571828)
(0.309057 1.35278 -0.0590636)
(0.155506 1.37884 -0.0602016)
(0 1.38757 -0.0605825)
(-0.155506 1.37884 -0.0602016)
(-0.309057 1.35278 -0.0590636)
(-0.458721 1.3097 -0.0571828)
(-0.602616 1.25015 -0.0545829)
(-0.738933 1.17489 -0.0512967)
(-0.865958 1.08484 -0.0473653)
(-0.982093 0.981158 -0.0428383)
(-1.08588 0.865134 -0.0377726)
(-1.17601 0.73823 -0.0322318)
(-1.25135 0.602043 -0.0262858)
(-1.31095 0.458284 -0.0200091)
(-1.35407 0.308763 -0.0134809)
(-1.38016 0.155358 -0.00678309)
(1.49057 0.167787 -0.00732573)
(1.46239 0.333464 -0.0145593)
(1.41582 0.494947 -0.0216099)
(1.35145 0.650206 -0.0283886)
(1.27009 0.797289 -0.0348104)
(1.17275 0.934345 -0.0407944)
(1.06066 1.05965 -0.0462653)
(0.935235 1.17163 -0.0511545)
(0.798048 1.26888 -0.0554004)
(0.650826 1.35017 -0.0589496)
(0.495419 1.41448 -0.0617574)
(0.333781 1.461 -0.0637886)
(0.167947 1.48915 -0.0650177)
(0 1.49857 -0.0654291)
(-0.167947 1.48915 -0.0650177)
(-0.333781 1.461 -0.0637886)
(-0.495419 1.41448 -0.0617574)
(-0.650826 1.35017 -0.0589496)
(-0.798048 1.26888 -0.0554004)
(-0.935235 1.17163 -0.0511545)
(-1.06066 1.05965 -0.0462653)
(-1.17275 0.934345 -0.0407944)
(-1.27009 0.797289 -0.0348104)
(-1.35145 0.650206 -0.0283886)
(-1.41582 0.494947 -0.0216099)
(-1.46239 0.333464 -0.0145593)
(-1.49057 0.167787 -0.00732573)
(1.60098 0.180216 -0.00786838)
(1.57072 0.358165 -0.0156378)
(1.5207 0.53161 -0.0232106)
(1.45156 0.69837 -0.0304915)
(1.36417 0.856347 -0.0373889)
(1.25962 1.00356 -0.0438162)
(1.13923 1.13814 -0.0496924)
(1.00451 1.25842 -0.0549437)
(0.857163 1.36287 -0.0595041)
(0.699035 1.45018 -0.0633162)
(0.532116 1.51925 -0.066332)
(0.358506 1.56922 -0.0685137)
(0.180387 1.59946 -0.0698338)
(0 1.60958 -0.0702757)
(-0.180387 1.59946 -0.0698338)
(-0.358506 1.56922 -0.0685137)
(-0.532116 1.51925 -0.066332)
(-0.699035 1.45018 -0.0633162)
(-0.857163 1.36287 -0.0595041)
(-1.00451 1.25842 -0.0549437)
(-1.13923 1.13814 -0.0496924)
(-1.25962 1.00356 -0.0438162)
(-1.36417 0.856347 -0.0373889)
(-1.45156 0.69837 -0.0304915)
(-1.5207 0.53161 -0.0232106)
(-1.57072 0.358165 -0.0156378)
(-1.60098 0.180216 -0.00786838)
(1.71139 0.192644 -0.00841103)
(1.67904 0.382866 -0.0167163)
(1.62558 0.568273 -0.0248113)
(1.55167 0.746533 -0.0325943)
(1.45825 0.915405 -0.0399675)
(1.34649 1.07277 -0.046838)
(1.2178 1.21664 -0.0531195)
(1.07379 1.34521 -0.058733)
(0.916277 1.45686 -0.0636079)
(0.747244 1.55019 -0.0676828)
(0.568814 1.62403 -0.0709067)
(0.38323 1.67744 -0.0732388)
(0.192828 1.70976 -0.0746499)
(0 1.72058 -0.0751223)
(-0.192828 1.70976 -0.0746499)
(-0.38323 1.67744 -0.0732388)
(-0.568814 1.62403 -0.0709067)
(-0.747244 1.55019 -0.0676828)
(-0.916277 1.45686 -0.0636079)
(-1.07379 1.34521 -0.058733)
(-1.2178 1.21664 -0.0531195)
(-1.34649 1.07277 -0.046838)
(-1.45825 0.915405 -0.0399675)
(-1.55167 0.746533 -0.0325943)
(-1.62558 0.568273 -0.0248113)
(-1.67904 0.382866 -0.0167163)
(-1.71139 0.192644 -0.00841103)
(1.82181 0.205073 -0.00895367)
(1.78737 0.407567 -0.0177947)
(1.73045 0.604935 -0.026412)
(1.65178 0.794696 -0.0346972)
(1.55233 0.974464 -0.042546)
(1.43336 1.14198 -0.0498598)
(1.29636 1.29513 -0.0565465)
(1.14306 1.43199 -0.0625222)
(0.975392 1.55085 -0.0677116)
(0.795454 1.6502 -0.0720495)
(0.605512 1.72881 -0.0754813)
(0.407955 1.78567 -0.0779639)
(0.205268 1.82007 -0.079466)
(0 1.83159 -0.0799689)
(-0.205268 1.82007 -0.079466)
(-0.407955 1.78567 -0.0779639)
(-0.605512 1.72881 -0.0754813)
(-0.795454 1.6502 -0.0720495)
(-0.975392 1.55085 -0.0677116)
(-1.14306 1.43199 -0.0625222)
(-1.29636 1.29513 -0.0565465)
(-1.43336 1.14198 -0.0498598)
(-1.55233 0.974464 -0.042546)
(-1.65178 0.794696 -0.0346972)
(-1.73045 0.604935 -0.026412)
(-1.78737 0.407567 -0.0177947)
(-1.82181 0.205073 -0.00895367)
(1.93222 0.217501 -0.00949632)
(1.89569 0.432268 -0.0188732)
(1.83533 0.641598 -0.0280128)
(1.75188 0.84286 -0.0368001)
(1.64641 1.03352 -0.0451246)
(1.52023 1.21119 -0.0528816)
(1.37493 1.37362 -0.0599736)
(1.21234 1.51878 -0.0663114)
(1.03451 1.64484 -0.0718153)
(0.843663 1.75022 -0.0764161)
(0.642209 1.83358 -0.0800559)
(0.43268 1.89389 -0.082689)
(0.217709 1.93038 -0.0842822)
(0 1.94259 -0.0848155)
(-0.217709 1.93038 -0.0842822)
(-0.43268 1.89389 -0.082689)
(-0.642209 1.83358 -0.0800559)
(-0.843663 1.75022 -0.0764161)
(-1.03451 1.64484 -0.0718153)
(-1.21234 1.51878 -0.0663114)
(-1.37493 1.37362 -0.0599736)
(-1.52023 1.21119 -0.0528816)
(-1.64641 1.03352 -0.0451246)
(-1.75188 0.84286 -0.0368001)
(-1.83533 0.641598 -0.0280128)
(-1.89569 0.432268 -0.0188732)
(-1.93222 0.217501 -0.00949632)
(2.04263 0.22993 -0.010039)
(2.00402 0.456969 -0.0199517)
(1.9402 0.678261 -0.0296135)
(1.85199 0.891023 -0.0389029)
(1.74049 1.09258 -0.0477031)
(1.6071 1.2804 -0.0559034)
(1.4535 1.45211 -0.0634007)
(1.28162 1.60557 -0.0701006)
(1.09362 1.73883 -0.075919)
(0.891872 1.85023 -0.0807827)
(0.678907 1.93836 -0.0846305)
(0.457404 2.00211 -0.0874141)
(0.230149 2.04069 -0.0890983)
(0 2.0536 -0.0896621)
(-0.230149 2.04069 -0.0890983)
(-0.457404 2.00211 -0.0874141)
(-0.678907 1.93836 -0.0846305)
(-0.891872 1.85023 -0.0807827)
(-1.09362 1.73883 -0.075919)
(-1.28162 1.60557 -0.0701006)
(-1.4535 1.45211 -0.0634007)
(-1.6071 1.2804 -0.0559034)
(-1.74049 1.09258 -0.0477031)
(-1.85199 0.891023 -0.0389029)
(-1.9402 0.678261 -0.0296135)
(-2.00402 0.456969 -0.0199517)
(-2.04263 0.22993 -0.010039)
(2.15304 0.242359 -0.0105816)
(2.11234 0.48167 -0.0210302)
(2.04508 0.714924 -0.0312142)
(1.9521 0.939187 -0.0410058)
(1.83457 1.15164 -0.0502816)
(1.69397 1.34961 -0.0589252)
(1.53206 1.53061 -0.0668277)
(1.35089 1.69236 -0.0738899)
(1.15274 1.83282 -0.0800228)
(0.940081 1.95024 -0.0851494)
(0.715605 2.04313 -0.0892052)
(0.482129 2.11033 -0.0921391)
(0.24259 2.15099 -0.0939144)
(0 2.1646 -0.0945087)
(-0.24259 2.15099 -0.0939144)
(-0.482129 2.11033 -0.0921391)
(-0.715605 2.04313 -0.0892052)
(-0.940081 1.95024 -0.0851494)
(-1.15274 1.83282 -0.0800228)
(-1.35089 1.69236 -0.0738899)
(-1.53206 1.53061 -0.0668277)
(-1.69397 1.34961 -0.0589252)
(-1.83457 1.15164 -0.0502816)
(-1.9521 0.939187 -0.0410058)
(-2.04508 0.714924 -0.0312142)
(-2.11234 0.48167 -0.0210302)
(-2.15304 0.242359 -0.0105816)
(2.26346 0.254787 -0.0111243)
(2.22067 0.506371 -0.0221086)
(2.14996 0.751586 -0.032815)
(2.05221 0.98735 -0.0431086)
(1.92865 1.2107 -0.0528602)
(1.78084 1.41882 -0.061947)
(1.61063 1.6091 -0.0702548)
(1.42017 1.77914 -0.0776791)
(1.21185 1.92681 -0.0841265)
(0.988291 2.05025 -0.089516)
(0.752302 2.14791 -0.0937798)
(0.506853 2.21856 -0.0968642)
(0.25503 2.2613 -0.0987305)
(0 2.27561 -0.0993553)
(-0.25503 2.2613 -0.0987305)
(-0.506853 2.21856 -0.0968642)
(-0.752302 2.14791 -0.0937798)
(-0.988291 2.05025 -0.089516)
(-1.21185 1.92681 -0.0841265)
(-1.42017 1.77914 -0.0776791)
(-1.61063 1.6091 -0.0702548)
(-1.78084 1.41882 -0.061947)
(-1.92865 1.2107 -0.0528602)
(-2.05221 0.98735 -0.0431086)
(-2.14996 0.751586 -0.032815)
(-2.22067 0.506371 -0.0221086)
(-2.26346 0.254787 -0.0111243)
(2.37387 0.267216 -0.0116669)
(2.32899 0.531072 -0.0231871)
(2.25483 0.788249 -0.0344157)
(2.15231 1.03551 -0.0452115)
(2.02273 1.26976 -0.0554387)
(1.86771 1.48803 -0.0649688)
(1.6892 1.68759 -0.0736818)
(1.48945 1.86593 -0.0814683)
(1.27097 2.0208 -0.0882302)
(1.0365 2.15027 -0.0938826)
(0.789 2.25269 -0.0983544)
(0.531578 2.32678 -0.101589)
(0.267471 2.37161 -0.103547)
(0 2.38662 -0.104202)
(-0.267471 2.37161 -0.103547)
(-0.531578 2.32678 -0.101589)
(-0.789 2.25269 -0.0983544)
(-1.0365 2.15027 -0.0938826)
(-1.27097 2.0208 -0.0882302)
(-1.48945 1.86593 -0.0814683)
(-1.6892 1.68759 -0.0736818)
(-1.86771 1.48803 -0.0649688)
(-2.02273 1.26976 -0.0554387)
(-2.15231 1.03551 -0.0452115)
(-2.25483 0.788249 -0.0344157)
(-2.32899 0.531072 -0.0231871)
(-2.37387 0.267216 -0.0116669)
(2.48428 0.279645 -0.0122096)
(2.43732 0.555773 -0.0242656)
(2.35971 0.824912 -0.0360164)
(2.25242 1.08368 -0.0473144)
(2.11681 1.32881 -0.0580173)
(1.95458 1.55724 -0.0679906)
(1.76777 1.76608 -0.0771089)
(1.55872 1.95272 -0.0852575)
(1.33008 2.1148 -0.092334)
(1.08471 2.25028 -0.0982493)
(0.825698 2.35746 -0.102929)
(0.556302 2.435 -0.106314)
(0.279911 2.48192 -0.108363)
(0 2.49762 -0.109048)
(-0.279911 2.48192 -0.108363)
(-0.556302 2.435 -0.106314)
(-0.825698 2.35746 -0.102929)
(-1.08471 2.25028 -0.0982493)
(-1.33008 2.1148 -0.092334)
(-1.55872 1.95272 -0.0852575)
(-1.76777 1.76608 -0.0771089)
(-1.95458 1.55724 -0.0679906)
(-2.11681 1.32881 -0.0580173)
(-2.25242 1.08368 -0.0473144)
(-2.35971 0.824912 -0.0360164)
(-2.43732 0.555773 -0.0242656)
(-2.48428 0.279645 -0.0122096)
(0.496856 0.055929 -0.00244191)
(0.487464 0.111155 -0.00485311)
(0.471942 0.164982 -0.00720329)
(0.450484 0.216735 -0.00946287)
(0.423362 0.265763 -0.0116035)
(0.390916 0.311448 -0.0135981)
(0.353553 0.353217 -0.0154218)
(0.311745 0.390544 -0.0170515)
(0.266016 0.422959 -0.0184668)
(0.216942 0.450056 -0.0196499)
(0.16514 0.471492 -0.0205858)
(0.11126 0.487 -0.0212629)
(0.0559822 0.496383 -0.0216726)
(0 0.499524 -0.0218097)
(-0.0559822 0.496383 -0.0216726)
(-0.11126 0.487 -0.0212629)
(-0.16514 0.471492 -0.0205858)
(-0.216942 0.450056 -0.0196499)
(-0.266016 0.422959 -0.0184668)
(-0.311745 0.390544 -0.0170515)
(-0.353553 0.353217 -0.0154218)
(-0.390916 0.311448 -0.0135981)
(-0.423362 0.265763 -0.0116035)
(-0.450484 0.216735 -0.00946287)
(-0.471942 0.164982 -0.00720329)
(-0.487464 0.111155 -0.00485311)
(-0.496856 0.055929 -0.00244191)
(-0.5 0 0)
(-2.5 0 0)
(0.5 0 0)
(2.5 0 0)
(-0.611111 0 0)
(-0.722222 0 0)
(-0.833333 0 0)
(-0.944444 0 0)
(-1.05556 0 0)
(-1.16667 0 0)
(-1.27778 0 0)
(-1.38889 0 0)
(-1.5 0 0)
(-1.61111 0 0)
(-1.72222 0 0)
(-1.83333 0 0)
(-1.94444 0 0)
(-2.05556 0 0)
(-2.16667 0 0)
(-2.27778 0 0)
(-2.38889 0 0)
(0.611111 0 0)
(0.722222 0 0)
(0.833333 0 0)
(0.944444 0 0)
(1.05556 0 0)
(1.16667 0 0)
(1.27778 0 0)
(1.38889 0 0)
(1.5 0 0)
(1.61111 0 0)
(1.72222 0 0)
(1.83333 0 0)
(1.94444 0 0)
(2.05556 0 0)
(2.16667 0 0)
(2.27778 0 0)
(2.38889 0 0)
)


// ************************************************************************* //
