/*--------------------------------*- C++ -*----------------------------------*\
| =========                 |                                                 |
| \\      /  F ield         | OpenFOAM: The Open Source CFD Toolbox           |
|  \\    /   O peration     | Version:  v2012                                 |
|   \\  /    A nd           | Website:  www.openfoam.com                      |
|    \\/     M anipulation  |                                                 |
\*---------------------------------------------------------------------------*/
FoamFile
{
    version     2.0;
    format      ascii;
    class       labelList;
    note        "nPoints:9860  nCells:4845  nFaces:19408  nInternalFaces:9548";
    location    "constant/polyMesh";
    object      neighbour;
}
// * * * * * * * * * * * * * * * * * * * * * * * * * * * * * * * * * * * * * //


9548
(
1
57
2
58
3
59
4
60
5
61
6
62
7
63
8
64
9
65
10
66
11
67
12
68
13
69
14
70
15
71
16
72
17
73
18
74
19
75
20
76
21
77
22
78
23
79
24
80
25
81
26
82
27
83
28
84
29
85
30
86
31
87
32
88
33
89
34
90
35
91
36
92
37
93
38
94
39
95
40
96
41
97
42
98
43
99
44
100
45
101
46
102
47
103
48
104
49
105
50
106
51
107
52
108
53
109
54
110
55
111
56
112
113
58
114
59
115
60
116
61
117
62
118
63
119
64
120
65
121
66
122
67
123
68
124
69
125
70
126
71
127
72
128
73
129
74
130
75
131
76
132
77
133
78
134
79
135
80
136
81
137
82
138
83
139
84
140
85
141
86
142
87
143
88
144
89
145
90
146
91
147
92
148
93
149
94
150
95
151
96
152
97
153
98
154
99
155
100
156
101
157
102
158
103
159
104
160
105
161
106
162
107
163
108
164
109
165
110
166
111
167
112
168
113
169
170
115
171
116
172
117
173
118
174
119
175
120
176
121
177
122
178
123
179
124
180
125
181
126
182
127
183
128
184
129
185
130
186
131
187
132
188
133
189
134
190
135
191
136
192
137
193
138
194
139
195
140
196
141
197
142
198
143
199
144
200
145
201
146
202
147
203
148
204
149
205
150
206
151
207
152
208
153
209
154
210
155
211
156
212
157
213
158
214
159
215
160
216
161
217
162
218
163
219
164
220
165
221
166
222
167
223
168
224
169
225
170
226
227
172
228
173
229
174
230
175
231
176
232
177
233
178
234
179
235
180
236
181
237
182
238
183
239
184
240
185
241
186
242
187
243
188
244
189
245
190
246
191
247
192
248
193
249
194
250
195
251
196
252
197
253
198
254
199
255
200
256
201
257
202
258
203
259
204
260
205
261
206
262
207
263
208
264
209
265
210
266
211
267
212
268
213
269
214
270
215
271
216
272
217
273
218
274
219
275
220
276
221
277
222
278
223
279
224
280
225
281
226
282
227
283
284
229
285
230
286
231
287
232
288
233
289
234
290
235
291
236
292
237
293
238
294
239
295
240
296
241
297
242
298
243
299
244
300
245
301
246
302
247
303
248
304
249
305
250
306
251
307
252
308
253
309
254
310
255
311
256
312
257
313
258
314
259
315
260
316
261
317
262
318
263
319
264
320
265
321
266
322
267
323
268
324
269
325
270
326
271
327
272
328
273
329
274
330
275
331
276
332
277
333
278
334
279
335
280
336
281
337
282
338
283
339
284
340
341
286
342
287
343
288
344
289
345
290
346
291
347
292
348
293
349
294
350
295
351
296
352
297
353
298
354
299
355
300
356
301
357
302
358
303
359
304
360
305
361
306
362
307
363
308
364
309
365
310
366
311
367
312
368
313
369
314
370
315
371
316
372
317
373
318
374
319
375
320
376
321
377
322
378
323
379
324
380
325
381
326
382
327
383
328
384
329
385
330
386
331
387
332
388
333
389
334
390
335
391
336
392
337
393
338
394
339
395
340
396
341
397
398
343
399
344
400
345
401
346
402
347
403
348
404
349
405
350
406
351
407
352
408
353
409
354
410
355
411
356
412
357
413
358
414
359
415
360
416
361
417
362
418
363
419
364
420
365
421
366
422
367
423
368
424
369
425
370
426
371
427
372
428
373
429
374
430
375
431
376
432
377
433
378
434
379
435
380
436
381
437
382
438
383
439
384
440
385
441
386
442
387
443
388
444
389
445
390
446
391
447
392
448
393
449
394
450
395
451
396
452
397
453
398
454
455
400
456
401
457
402
458
403
459
404
460
405
461
406
462
407
463
408
464
409
465
410
466
411
467
412
468
413
469
414
470
415
471
416
472
417
473
418
474
419
475
420
476
421
477
422
478
423
479
424
480
425
481
426
482
427
483
428
484
429
485
430
486
431
487
432
488
433
489
434
490
435
491
436
492
437
493
438
494
439
495
440
496
441
497
442
498
443
499
444
500
445
501
446
502
447
503
448
504
449
505
450
506
451
507
452
508
453
509
454
510
455
511
512
457
513
458
514
459
515
460
516
461
517
462
518
463
519
464
520
465
521
466
522
467
523
468
524
469
525
470
526
471
527
472
528
473
529
474
530
475
531
476
532
477
533
478
534
479
535
480
536
481
537
482
538
483
539
484
540
485
541
486
542
487
543
488
544
489
545
490
546
491
547
492
548
493
549
494
550
495
551
496
552
497
553
498
554
499
555
500
556
501
557
502
558
503
559
504
560
505
561
506
562
507
563
508
564
509
565
510
566
511
567
512
568
569
514
570
515
571
516
572
517
573
518
574
519
575
520
576
521
577
522
578
523
579
524
580
525
581
526
582
527
583
528
584
529
585
530
586
531
587
532
588
533
589
534
590
535
591
536
592
537
593
538
594
539
595
540
596
541
597
542
598
543
599
544
600
545
601
546
602
547
603
548
604
549
605
550
606
551
607
552
608
553
609
554
610
555
611
556
612
557
613
558
614
559
615
560
616
561
617
562
618
563
619
564
620
565
621
566
622
567
623
568
624
569
625
626
571
627
572
628
573
629
574
630
575
631
576
632
577
633
578
634
579
635
580
636
581
637
582
638
583
639
584
640
585
641
586
642
587
643
588
644
589
645
590
646
591
647
592
648
593
649
594
650
595
651
596
652
597
653
598
654
599
655
600
656
601
657
602
658
603
659
604
660
605
661
606
662
607
663
608
664
609
665
610
666
611
667
612
668
613
669
614
670
615
671
616
672
617
673
618
674
619
675
620
676
621
677
622
678
623
679
624
680
625
681
626
682
683
628
684
629
685
630
686
631
687
632
688
633
689
634
690
635
691
636
692
637
693
638
694
639
695
640
696
641
697
642
698
643
699
644
700
645
701
646
702
647
703
648
704
649
705
650
706
651
707
652
708
653
709
654
710
655
711
656
712
657
713
658
714
659
715
660
716
661
717
662
718
663
719
664
720
665
721
666
722
667
723
668
724
669
725
670
726
671
727
672
728
673
729
674
730
675
731
676
732
677
733
678
734
679
735
680
736
681
737
682
738
683
739
740
685
741
686
742
687
743
688
744
689
745
690
746
691
747
692
748
693
749
694
750
695
751
696
752
697
753
698
754
699
755
700
756
701
757
702
758
703
759
704
760
705
761
706
762
707
763
708
764
709
765
710
766
711
767
712
768
713
769
714
770
715
771
716
772
717
773
718
774
719
775
720
776
721
777
722
778
723
779
724
780
725
781
726
782
727
783
728
784
729
785
730
786
731
787
732
788
733
789
734
790
735
791
736
792
737
793
738
794
739
795
740
796
797
742
798
743
799
744
800
745
801
746
802
747
803
748
804
749
805
750
806
751
807
752
808
753
809
754
810
755
811
756
812
757
813
758
814
759
815
760
816
761
817
762
818
763
819
764
820
765
821
766
822
767
823
768
824
769
825
770
826
771
827
772
828
773
829
774
830
775
831
776
832
777
833
778
834
779
835
780
836
781
837
782
838
783
839
784
840
785
841
786
842
787
843
788
844
789
845
790
846
791
847
792
848
793
849
794
850
795
851
796
852
797
853
854
799
855
800
856
801
857
802
858
803
859
804
860
805
861
806
862
807
863
808
864
809
865
810
866
811
867
812
868
813
869
814
870
815
871
816
872
817
873
818
874
819
875
820
876
821
877
822
878
823
879
824
880
825
881
826
882
827
883
828
884
829
885
830
886
831
887
832
888
833
889
834
890
835
891
836
892
837
893
838
894
839
895
840
896
841
897
842
898
843
899
844
900
845
901
846
902
847
903
848
904
849
905
850
906
851
907
852
908
853
909
854
910
911
856
912
857
913
858
914
859
915
860
916
861
917
862
918
863
919
864
920
865
921
866
922
867
923
868
924
869
925
870
926
871
927
872
928
873
929
874
930
875
931
876
932
877
933
878
934
879
935
880
936
881
937
882
938
883
939
884
940
885
941
886
942
887
943
888
944
889
945
890
946
891
947
892
948
893
949
894
950
895
951
896
952
897
953
898
954
899
955
900
956
901
957
902
958
903
959
904
960
905
961
906
962
907
963
908
964
909
965
910
966
911
967
968
913
969
914
970
915
971
916
972
917
973
918
974
919
975
920
976
921
977
922
978
923
979
924
980
925
981
926
982
927
983
928
984
929
985
930
986
931
987
932
988
933
989
934
990
935
991
936
992
937
993
938
994
939
995
940
996
941
997
942
998
943
999
944
1000
945
1001
946
1002
947
1003
948
1004
949
1005
950
1006
951
1007
952
1008
953
1009
954
1010
955
1011
956
1012
957
1013
958
1014
959
1015
960
1016
961
1017
962
1018
963
1019
964
1020
965
1021
966
1022
967
1023
968
1024
1025
970
1026
971
1027
972
1028
973
1029
974
1030
975
1031
976
1032
977
1033
978
1034
979
1035
980
1036
981
1037
982
1038
983
1039
984
1040
985
1041
986
1042
987
1043
988
1044
989
1045
990
1046
991
1047
992
1048
993
1049
994
1050
995
1051
996
1052
997
1053
998
1054
999
1055
1000
1056
1001
1057
1002
1058
1003
1059
1004
1060
1005
1061
1006
1062
1007
1063
1008
1064
1009
1065
1010
1066
1011
1067
1012
1068
1013
1069
1014
1070
1015
1071
1016
1072
1017
1073
1018
1074
1019
1075
1020
1076
1021
1077
1022
1078
1023
1079
1024
1080
1025
1081
1082
1027
1083
1028
1084
1029
1085
1030
1086
1031
1087
1032
1088
1033
1089
1034
1090
1035
1091
1036
1092
1037
1093
1038
1094
1039
1095
1040
1096
1041
1097
1042
1098
1043
1099
1044
1100
1045
1101
1046
1102
1047
1103
1048
1104
1049
1105
1050
1106
1051
1107
1052
1108
1053
1109
1054
1110
1055
1111
1056
1112
1057
1113
1058
1114
1059
1115
1060
1116
1061
1117
1062
1118
1063
1119
1064
1120
1065
1121
1066
1122
1067
1123
1068
1124
1069
1125
1070
1126
1071
1127
1072
1128
1073
1129
1074
1130
1075
1131
1076
1132
1077
1133
1078
1134
1079
1135
1080
1136
1081
1137
1082
1138
1139
1084
1140
1085
1141
1086
1142
1087
1143
1088
1144
1089
1145
1090
1146
1091
1147
1092
1148
1093
1149
1094
1150
1095
1151
1096
1152
1097
1153
1098
1154
1099
1155
1100
1156
1101
1157
1102
1158
1103
1159
1104
1160
1105
1161
1106
1162
1107
1163
1108
1164
1109
1165
1110
1166
1111
1167
1112
1168
1113
1169
1114
1170
1115
1171
1116
1172
1117
1173
1118
1174
1119
1175
1120
1176
1121
1177
1122
1178
1123
1179
1124
1180
1125
1181
1126
1182
1127
1183
1128
1184
1129
1185
1130
1186
1131
1187
1132
1188
1133
1189
1134
1190
1135
1191
1136
1192
1137
1193
1138
1194
1139
1195
1196
1141
1197
1142
1198
1143
1199
1144
1200
1145
1201
1146
1202
1147
1203
1148
1204
1149
1205
1150
1206
1151
1207
1152
1208
1153
1209
1154
1210
1155
1211
1156
1212
1157
1213
1158
1214
1159
1215
1160
1216
1161
1217
1162
1218
1163
1219
1164
1220
1165
1221
1166
1222
1167
1223
1168
1224
1169
1225
1170
1226
1171
1227
1172
1228
1173
1229
1174
1230
1175
1231
1176
1232
1177
1233
1178
1234
1179
1235
1180
1236
1181
1237
1182
1238
1183
1239
1184
1240
1185
1241
1186
1242
1187
1243
1188
1244
1189
1245
1190
1246
1191
1247
1192
1248
1193
1249
1194
1250
1195
1251
1196
1252
1253
1198
1254
1199
1255
1200
1256
1201
1257
1202
1258
1203
1259
1204
1260
1205
1261
1206
1262
1207
1263
1208
1264
1209
1265
1210
1266
1211
1267
1212
1268
1213
1269
1214
1270
1215
1271
1216
1272
1217
1273
1218
1274
1219
1275
1220
1276
1221
1277
1222
1278
1223
1279
1224
1280
1225
1281
1226
1282
1227
1283
1228
1284
1229
1285
1230
1286
1231
1287
1232
1288
1233
1289
1234
1290
1235
1291
1236
1292
1237
1293
1238
1294
1239
1295
1240
1296
1241
1297
1242
1298
1243
1299
1244
1300
1245
1301
1246
1302
1247
1303
1248
1304
1249
1305
1250
1306
1251
1307
1252
1308
1253
1309
1310
1255
1311
1256
1312
1257
1313
1258
1314
1259
1315
1260
1316
1261
1317
1262
1318
1263
1319
1264
1320
1265
1321
1266
1322
1267
1323
1268
1324
1269
1325
1270
1326
1271
1327
1272
1328
1273
1329
1274
1330
1275
1331
1276
1332
1277
1333
1278
1334
1279
1335
1280
1336
1281
1337
1282
1338
1283
1339
1284
1340
1285
1341
1286
1342
1287
1343
1288
1344
1289
1345
1290
1346
1291
1347
1292
1348
1293
1349
1294
1350
1295
1351
1296
1352
1297
1353
1298
1354
1299
1355
1300
1356
1301
1357
1302
1358
1303
1359
1304
1360
1305
1361
1306
1362
1307
1363
1308
1364
1309
1365
1310
1366
1367
1312
1368
1313
1369
1314
1370
1315
1371
1316
1372
1317
1373
1318
1374
1319
1375
1320
1376
1321
1377
1322
1378
1323
1379
1324
1380
1325
1381
1326
1382
1327
1383
1328
1384
1329
1385
1330
1386
1331
1387
1332
1388
1333
1389
1334
1390
1335
1391
1336
1392
1337
1393
1338
1394
1339
1395
1340
1396
1341
1397
1342
1398
1343
1399
1344
1400
1345
1401
1346
1402
1347
1403
1348
1404
1349
1405
1350
1406
1351
1407
1352
1408
1353
1409
1354
1410
1355
1411
1356
1412
1357
1413
1358
1414
1359
1415
1360
1416
1361
1417
1362
1418
1363
1419
1364
1420
1365
1421
1366
1422
1367
1423
1424
1369
1425
1370
1426
1371
1427
1372
1428
1373
1429
1374
1430
1375
1431
1376
1432
1377
1433
1378
1434
1379
1435
1380
1436
1381
1437
1382
1438
1383
1439
1384
1440
1385
1441
1386
1442
1387
1443
1388
1444
1389
1445
1390
1446
1391
1447
1392
1448
1393
1449
1394
1450
1395
1451
1396
1452
1397
1453
1398
1454
1399
1455
1400
1456
1401
1457
1402
1458
1403
1459
1404
1460
1405
1461
1406
1462
1407
1463
1408
1464
1409
1465
1410
1466
1411
1467
1412
1468
1413
1469
1414
1470
1415
1471
1416
1472
1417
1473
1418
1474
1419
1475
1420
1476
1421
1477
1422
1478
1423
1479
1424
1480
1481
1426
1482
1427
1483
1428
1484
1429
1485
1430
1486
1431
1487
1432
1488
1433
1489
1434
1490
1435
1491
1436
1492
1437
1493
1438
1494
1439
1495
1440
1496
1441
1497
1442
1498
1443
1499
1444
1500
1445
1501
1446
1502
1447
1503
1448
1504
1449
1505
1450
1506
1451
1507
1452
1508
1453
1509
1454
1510
1455
1511
1456
1512
1457
1513
1458
1514
1459
1515
1460
1516
1461
1517
1462
1518
1463
1519
1464
1520
1465
1521
1466
1522
1467
1523
1468
1524
1469
1525
1470
1526
1471
1527
1472
1528
1473
1529
1474
1530
1475
1531
1476
1532
1477
1533
1478
1534
1479
1535
1480
1536
1481
1537
1538
1483
1539
1484
1540
1485
1541
1486
1542
1487
1543
1488
1544
1489
1545
1490
1546
1491
1547
1492
1548
1493
1549
1494
1550
1495
1551
1496
1552
1497
1553
1498
1554
1499
1555
1500
1556
1501
1557
1502
1558
1503
1559
1504
1560
1505
1561
1506
1562
1507
1563
1508
1564
1509
1565
1510
1566
1511
1567
1512
1568
1513
1569
1514
1570
1515
1571
1516
1572
1517
1573
1518
1574
1519
1575
1520
1576
1521
1577
1522
1578
1523
1579
1524
1580
1525
1581
1526
1582
1527
1583
1528
1584
1529
1585
1530
1586
1531
1587
1532
1588
1533
1589
1534
1590
1535
1591
1536
1592
1537
1593
1538
1594
1595
1540
1596
1541
1597
1542
1598
1543
1599
1544
1600
1545
1601
1546
1602
1547
1603
1548
1604
1549
1605
1550
1606
1551
1607
1552
1608
1553
1609
1554
1610
1555
1611
1556
1612
1557
1613
1558
1614
1559
1615
1560
1616
1561
1617
1562
1618
1563
1619
1564
1620
1565
1621
1566
1622
1567
1623
1568
1624
1569
1625
1570
1626
1571
1627
1572
1628
1573
1629
1574
1630
1575
1631
1576
1632
1577
1633
1578
1634
1579
1635
1580
1636
1581
1637
1582
1638
1583
1639
1584
1640
1585
1641
1586
1642
1587
1643
1588
1644
1589
1645
1590
1646
1591
1647
1592
1648
1593
1649
1594
1650
1595
1651
1652
1597
1653
1598
1654
1599
1655
1600
1656
1601
1657
1602
1658
1603
1659
1604
1660
1605
1661
1606
1662
1607
1663
1608
1664
1609
1665
1610
1666
1611
1667
1612
1668
1613
1669
1614
1670
1615
1671
1616
1672
1617
1673
1618
1674
1619
1675
1620
1676
1621
1677
1622
1678
1623
1679
1624
1680
1625
1681
1626
1682
1627
1683
1628
1684
1629
1685
1630
1686
1631
1687
1632
1688
1633
1689
1634
1690
1635
1691
1636
1692
1637
1693
1638
1694
1639
1695
1640
1696
1641
1697
1642
1698
1643
1699
1644
1700
1645
1701
1646
1702
1647
1703
1648
1704
1649
1705
1650
1706
1651
1707
1652
1708
1709
1654
1710
1655
1711
1656
1712
1657
1713
1658
1714
1659
1715
1660
1716
1661
1717
1662
1718
1663
1719
1664
1720
1665
1721
1666
1722
1667
1723
1668
1724
1669
1725
1670
1726
1671
1727
1672
1728
1673
1729
1674
1730
1675
1731
1676
1732
1677
1733
1678
1734
1679
1735
1680
1736
1681
1737
1682
1738
1683
1739
1684
1740
1685
1741
1686
1742
1687
1743
1688
1744
1689
1745
1690
1746
1691
1747
1692
1748
1693
1749
1694
1750
1695
1751
1696
1752
1697
1753
1698
1754
1699
1755
1700
1756
1701
1757
1702
1758
1703
1759
1704
1760
1705
1761
1706
1762
1707
1763
1708
1764
1709
1765
1766
1711
1767
1712
1768
1713
1769
1714
1770
1715
1771
1716
1772
1717
1773
1718
1774
1719
1775
1720
1776
1721
1777
1722
1778
1723
1779
1724
1780
1725
1781
1726
1782
1727
1783
1728
1784
1729
1785
1730
1786
1731
1787
1732
1788
1733
1789
1734
1790
1735
1791
1736
1792
1737
1793
1738
1794
1739
1795
1740
1796
1741
1797
1742
1798
1743
1799
1744
1800
1745
1801
1746
1802
1747
1803
1748
1804
1749
1805
1750
1806
1751
1807
1752
1808
1753
1809
1754
1810
1755
1811
1756
1812
1757
1813
1758
1814
1759
1815
1760
1816
1761
1817
1762
1818
1763
1819
1764
1820
1765
1821
1766
1822
1823
1768
1824
1769
1825
1770
1826
1771
1827
1772
1828
1773
1829
1774
1830
1775
1831
1776
1832
1777
1833
1778
1834
1779
1835
1780
1836
1781
1837
1782
1838
1783
1839
1784
1840
1785
1841
1786
1842
1787
1843
1788
1844
1789
1845
1790
1846
1791
1847
1792
1848
1793
1849
1794
1850
1795
1851
1796
1852
1797
1853
1798
1854
1799
1855
1800
1856
1801
1857
1802
1858
1803
1859
1804
1860
1805
1861
1806
1862
1807
1863
1808
1864
1809
1865
1810
1866
1811
1867
1812
1868
1813
1869
1814
1870
1815
1871
1816
1872
1817
1873
1818
1874
1819
1875
1820
1876
1821
1877
1822
1878
1823
1879
1880
1825
1881
1826
1882
1827
1883
1828
1884
1829
1885
1830
1886
1831
1887
1832
1888
1833
1889
1834
1890
1835
1891
1836
1892
1837
1893
1838
1894
1839
1895
1840
1896
1841
1897
1842
1898
1843
1899
1844
1900
1845
1901
1846
1902
1847
1903
1848
1904
1849
1905
1850
1906
1851
1907
1852
1908
1853
1909
1854
1910
1855
1911
1856
1912
1857
1913
1858
1914
1859
1915
1860
1916
1861
1917
1862
1918
1863
1919
1864
1920
1865
1921
1866
1922
1867
1923
1868
1924
1869
1925
1870
1926
1871
1927
1872
1928
1873
1929
1874
1930
1875
1931
1876
1932
1877
1933
1878
1934
1879
1935
1880
1936
1937
1882
1938
1883
1939
1884
1940
1885
1941
1886
1942
1887
1943
1888
1944
1889
1945
1890
1946
1891
1947
1892
1948
1893
1949
1894
1950
1895
1951
1896
1952
1897
1953
1898
1954
1899
1955
1900
1956
1901
1957
1902
1958
1903
1959
1904
1960
1905
1961
1906
1962
1907
1963
1908
1964
1909
1965
1910
1966
1911
1967
1912
1968
1913
1969
1914
1970
1915
1971
1916
1972
1917
1973
1918
1974
1919
1975
1920
1976
1921
1977
1922
1978
1923
1979
1924
1980
1925
1981
1926
1982
1927
1983
1928
1984
1929
1985
1930
1986
1931
1987
1932
1988
1933
1989
1934
1990
1935
1991
1936
1992
1937
1993
1994
1939
1995
1940
1996
1941
1997
1942
1998
1943
1999
1944
2000
1945
2001
1946
2002
1947
2003
1948
2004
1949
2005
1950
2006
1951
2007
1952
2008
1953
2009
1954
2010
1955
2011
1956
2012
1957
2013
1958
2014
1959
2015
1960
2016
1961
2017
1962
2018
1963
2019
1964
2020
1965
2021
1966
2022
1967
2023
1968
2024
1969
2025
1970
2026
1971
2027
1972
2028
1973
2029
1974
2030
1975
2031
1976
2032
1977
2033
1978
2034
1979
2035
1980
2036
1981
2037
1982
2038
1983
2039
1984
2040
1985
2041
1986
2042
1987
2043
1988
2044
1989
2045
1990
2046
1991
2047
1992
2048
1993
2049
1994
2050
2051
1996
2052
1997
2053
1998
2054
1999
2055
2000
2056
2001
2057
2002
2058
2003
2059
2004
2060
2005
2061
2006
2062
2007
2063
2008
2064
2009
2065
2010
2066
2011
2067
2012
2068
2013
2069
2014
2070
2015
2071
2016
2072
2017
2073
2018
2074
2019
2075
2020
2076
2021
2077
2022
2078
2023
2079
2024
2080
2025
2081
2026
2082
2027
2083
2028
2084
2029
2085
2030
2086
2031
2087
2032
2088
2033
2089
2034
2090
2035
2091
2036
2092
2037
2093
2038
2094
2039
2095
2040
2096
2041
2097
2042
2098
2043
2099
2044
2100
2045
2101
2046
2102
2047
2103
2048
2104
2049
2105
2050
2106
2051
2107
2108
2053
2109
2054
2110
2055
2111
2056
2112
2057
2113
2058
2114
2059
2115
2060
2116
2061
2117
2062
2118
2063
2119
2064
2120
2065
2121
2066
2122
2067
2123
2068
2124
2069
2125
2070
2126
2071
2127
2072
2128
2073
2129
2074
2130
2075
2131
2076
2132
2077
2133
2078
2134
2079
2135
2080
2136
2081
2137
2082
2138
2083
2139
2084
2140
2085
2141
2086
2142
2087
2143
2088
2144
2089
2145
2090
2146
2091
2147
2092
2148
2093
2149
2094
2150
2095
2151
2096
2152
2097
2153
2098
2154
2099
2155
2100
2156
2101
2157
2102
2158
2103
2159
2104
2160
2105
2161
2106
2162
2107
2163
2108
2164
2165
2110
2166
2111
2167
2112
2168
2113
2169
2114
2170
2115
2171
2116
2172
2117
2173
2118
2174
2119
2175
2120
2176
2121
2177
2122
2178
2123
2179
2124
2180
2125
2181
2126
2182
2127
2183
2128
2184
2129
2185
2130
2186
2131
2187
2132
2188
2133
2189
2134
2190
2135
2191
2136
2192
2137
2193
2138
2194
2139
2195
2140
2196
2141
2197
2142
2198
2143
2199
2144
2200
2145
2201
2146
2202
2147
2203
2148
2204
2149
2205
2150
2206
2151
2207
2152
2208
2153
2209
2154
2210
2155
2211
2156
2212
2157
2213
2158
2214
2159
2215
2160
2216
2161
2217
2162
2218
2163
2219
2164
2220
2165
2221
2222
2167
2223
2168
2224
2169
2225
2170
2226
2171
2227
2172
2228
2173
2229
2174
2230
2175
2231
2176
2232
2177
2233
2178
2234
2179
2235
2180
2236
2181
2237
2182
2238
2183
2239
2184
2240
2185
2241
2186
2242
2187
2243
2188
2244
2189
2245
2190
2246
2191
2247
2192
2248
2193
2249
2194
2250
2195
2251
2196
2252
2197
2253
2198
2254
2199
2255
2200
2256
2201
2257
2202
2258
2203
2259
2204
2260
2205
2261
2206
2262
2207
2263
2208
2264
2209
2265
2210
2266
2211
2267
2212
2268
2213
2269
2214
2270
2215
2271
2216
2272
2217
2273
2218
2274
2219
2275
2220
2276
2221
2277
2222
2278
2279
2224
2280
2225
2281
2226
2282
2227
2283
2228
2284
2229
2285
2230
2286
2231
2287
2232
2288
2233
2289
2234
2290
2235
2291
2236
2292
2237
2293
2238
2294
2239
2295
2240
2296
2241
2297
2242
2298
2243
2299
2244
2300
2245
2301
2246
2302
2247
2303
2248
2304
2249
2305
2250
2306
2251
2307
2252
2308
2253
2309
2254
2310
2255
2311
2256
2312
2257
2313
2258
2314
2259
2315
2260
2316
2261
2317
2262
2318
2263
2319
2264
2320
2265
2321
2266
2322
2267
2323
2268
2324
2269
2325
2270
2326
2271
2327
2272
2328
2273
2329
2274
2330
2275
2331
2276
2332
2277
2333
2278
2334
2279
2335
2336
2281
2337
2282
2338
2283
2339
2284
2340
2285
2341
2286
2342
2287
2343
2288
2344
2289
2345
2290
2346
2291
2347
2292
2348
2293
2349
2294
2350
2295
2351
2296
2352
2297
2353
2298
2354
2299
2355
2300
2356
2301
2357
2302
2358
2303
2359
2304
2360
2305
2361
2306
2362
2307
2363
2308
2364
2309
2365
2310
2366
2311
2367
2312
2368
2313
2369
2314
2370
2315
2371
2316
2372
2317
2373
2318
2374
2319
2375
2320
2376
2321
2377
2322
2378
2323
2379
2324
2380
2325
2381
2326
2382
2327
2383
2328
2384
2329
2385
2330
2386
2331
2387
2332
2388
2333
2389
2334
2390
2335
2391
2336
2392
2393
2338
2394
2339
2395
2340
2396
2341
2397
2342
2398
2343
2399
2344
2400
2345
2401
2346
2402
2347
2403
2348
2404
2349
2405
2350
2406
2351
2407
2352
2408
2353
2409
2354
2410
2355
2411
2356
2412
2357
2413
2358
2414
2359
2415
2360
2416
2361
2417
2362
2418
2363
2419
2364
2420
2365
2421
2366
2422
2367
2423
2368
2424
2369
2425
2370
2426
2371
2427
2372
2428
2373
2429
2374
2430
2375
2431
2376
2432
2377
2433
2378
2434
2379
2435
2380
2436
2381
2437
2382
2438
2383
2439
2384
2440
2385
2441
2386
2442
2387
2443
2388
2444
2389
2445
2390
2446
2391
2447
2392
2448
2393
2449
2450
2395
2451
2396
2452
2397
2453
2398
2454
2399
2455
2400
2456
2401
2457
2402
2458
2403
2459
2404
2460
2405
2461
2406
2462
2407
2463
2408
2464
2409
2465
2410
2466
2411
2467
2412
2468
2413
2469
2414
2470
2415
2471
2416
2472
2417
2473
2418
2474
2419
2475
2420
2476
2421
2477
2422
2478
2423
2479
2424
2480
2425
2481
2426
2482
2427
2483
2428
2484
2429
2485
2430
2486
2431
2487
2432
2488
2433
2489
2434
2490
2435
2491
2436
2492
2437
2493
2438
2494
2439
2495
2440
2496
2441
2497
2442
2498
2443
2499
2444
2500
2445
2501
2446
2502
2447
2503
2448
2504
2449
2505
2450
2506
2507
2452
2508
2453
2509
2454
2510
2455
2511
2456
2512
2457
2513
2458
2514
2459
2515
2460
2516
2461
2517
2462
2518
2463
2519
2464
2520
2465
2521
2466
2522
2467
2523
2468
2524
2469
2525
2470
2526
2471
2527
2472
2528
2473
2529
2474
2530
2475
2531
2476
2532
2477
2533
2478
2534
2479
2535
2480
2536
2481
2537
2482
2538
2483
2539
2484
2540
2485
2541
2486
2542
2487
2543
2488
2544
2489
2545
2490
2546
2491
2547
2492
2548
2493
2549
2494
2550
2495
2551
2496
2552
2497
2553
2498
2554
2499
2555
2500
2556
2501
2557
2502
2558
2503
2559
2504
2560
2505
2561
2506
2562
2507
2563
2564
2509
2565
2510
2566
2511
2567
2512
2568
2513
2569
2514
2570
2515
2571
2516
2572
2517
2573
2518
2574
2519
2575
2520
2576
2521
2577
2522
2578
2523
2579
2524
2580
2525
2581
2526
2582
2527
2583
2528
2584
2529
2585
2530
2586
2531
2587
2532
2588
2533
2589
2534
2590
2535
2591
2536
2592
2537
2593
2538
2594
2539
2595
2540
2596
2541
2597
2542
2598
2543
2599
2544
2600
2545
2601
2546
2602
2547
2603
2548
2604
2549
2605
2550
2606
2551
2607
2552
2608
2553
2609
2554
2610
2555
2611
2556
2612
2557
2613
2558
2614
2559
2615
2560
2616
2561
2617
2562
2618
2563
2619
2564
2620
2621
2566
2622
2567
2623
2568
2624
2569
2625
2570
2626
2571
2627
2572
2628
2573
2629
2574
2630
2575
2631
2576
2632
2577
2633
2578
2634
2579
2635
2580
2636
2581
2637
2582
2638
2583
2639
2584
2640
2585
2641
2586
2642
2587
2643
2588
2644
2589
2645
2590
2646
2591
2647
2592
2648
2593
2649
2594
2650
2595
2651
2596
2652
2597
2653
2598
2654
2599
2655
2600
2656
2601
2657
2602
2658
2603
2659
2604
2660
2605
2661
2606
2662
2607
2663
2608
2664
2609
2665
2610
2666
2611
2667
2612
2668
2613
2669
2614
2670
2615
2671
2616
2672
2617
2673
2618
2674
2619
2675
2620
2676
2621
2677
2678
2623
2679
2624
2680
2625
2681
2626
2682
2627
2683
2628
2684
2629
2685
2630
2686
2631
2687
2632
2688
2633
2689
2634
2690
2635
2691
2636
2692
2637
2693
2638
2694
2639
2695
2640
2696
2641
2697
2642
2698
2643
2699
2644
2700
2645
2701
2646
2702
2647
2703
2648
2704
2649
2705
2650
2706
2651
2707
2652
2708
2653
2709
2654
2710
2655
2711
2656
2712
2657
2713
2658
2714
2659
2715
2660
2716
2661
2717
2662
2718
2663
2719
2664
2720
2665
2721
2666
2722
2667
2723
2668
2724
2669
2725
2670
2726
2671
2727
2672
2728
2673
2729
2674
2730
2675
2731
2676
2732
2677
2733
2678
2734
2735
2680
2736
2681
2737
2682
2738
2683
2739
2684
2740
2685
2741
2686
2742
2687
2743
2688
2744
2689
2745
2690
2746
2691
2747
2692
2748
2693
2749
2694
2750
2695
2751
2696
2752
2697
2753
2698
2754
2699
2755
2700
2756
2701
2757
2702
2758
2703
2759
2704
2760
2705
2761
2706
2762
2707
2763
2708
2764
2709
2765
2710
2766
2711
2767
2712
2768
2713
2769
2714
2770
2715
2771
2716
2772
2717
2773
2718
2774
2719
2775
2720
2776
2721
2777
2722
2778
2723
2779
2724
2780
2725
2781
2726
2782
2727
2783
2728
2784
2729
2785
2730
2786
2731
2787
2732
2788
2733
2789
2734
2790
2735
2791
2792
2737
2793
2738
2794
2739
2795
2740
2796
2741
2797
2742
2798
2743
2799
2744
2800
2745
2801
2746
2802
2747
2803
2748
2804
2749
2805
2750
2806
2751
2807
2752
2808
2753
2809
2754
2810
2755
2811
2756
2812
2757
2813
2758
2814
2759
2815
2760
2816
2761
2817
2762
2818
2763
2819
2764
2820
2765
2821
2766
2822
2767
2823
2768
2824
2769
2825
2770
2826
2771
2827
2772
2828
2773
2829
2774
2830
2775
2831
2776
2832
2777
2833
2778
2834
2779
2835
2780
2836
2781
2837
2782
2838
2783
2839
2784
2840
2785
2841
2786
2842
2787
2843
2788
2844
2789
2845
2790
2846
2791
2847
2792
2848
2849
2794
2850
2795
2851
2796
2852
2797
2853
2798
2854
2799
2855
2800
2856
2801
2857
2802
2858
2803
2859
2804
2860
2805
2861
2806
2862
2807
2863
2808
2864
2809
2865
2810
2866
2811
2867
2812
2868
2813
2869
2814
2870
2815
2871
2816
2872
2817
2873
2818
2874
2819
2875
2820
2876
2821
2877
2822
2878
2823
2879
2824
2880
2825
2881
2826
2882
2827
2883
2828
2884
2829
2885
2830
2886
2831
2887
2832
2888
2833
2889
2834
2890
2835
2891
2836
2892
2837
2893
2838
2894
2839
2895
2840
2896
2841
2897
2842
2898
2843
2899
2844
2900
2845
2901
2846
2902
2847
2903
2848
2904
2849
2905
2906
2851
2907
2852
2908
2853
2909
2854
2910
2855
2911
2856
2912
2857
2913
2858
2914
2859
2915
2860
2916
2861
2917
2862
2918
2863
2919
2864
2920
2865
2921
2866
2922
2867
2923
2868
2924
2869
2925
2870
2926
2871
2927
2872
2928
2873
2929
2874
2930
2875
2931
2876
2932
2877
2933
2878
2934
2879
2935
2880
2936
2881
2937
2882
2938
2883
2939
2884
2940
2885
2941
2886
2942
2887
2943
2888
2944
2889
2945
2890
2946
2891
2947
2892
2948
2893
2949
2894
2950
2895
2951
2896
2952
2897
2953
2898
2954
2899
2955
2900
2956
2901
2957
2902
2958
2903
2959
2904
2960
2905
2961
2906
2962
2963
2908
2964
2909
2965
2910
2966
2911
2967
2912
2968
2913
2969
2914
2970
2915
2971
2916
2972
2917
2973
2918
2974
2919
2975
2920
2976
2921
2977
2922
2978
2923
2979
2924
2980
2925
2981
2926
2982
2927
2983
2928
2984
2929
2985
2930
2986
2931
2987
2932
2988
2933
2989
2934
2990
2935
2991
2936
2992
2937
2993
2938
2994
2939
2995
2940
2996
2941
2997
2942
2998
2943
2999
2944
3000
2945
3001
2946
3002
2947
3003
2948
3004
2949
3005
2950
3006
2951
3007
2952
3008
2953
3009
2954
3010
2955
3011
2956
3012
2957
3013
2958
3014
2959
3015
2960
3016
2961
3017
2962
3018
2963
3019
3020
2965
3021
2966
3022
2967
3023
2968
3024
2969
3025
2970
3026
2971
3027
2972
3028
2973
3029
2974
3030
2975
3031
2976
3032
2977
3033
2978
3034
2979
3035
2980
3036
2981
3037
2982
3038
2983
3039
2984
3040
2985
3041
2986
3042
2987
3043
2988
3044
2989
3045
2990
3046
2991
3047
2992
3048
2993
3049
2994
3050
2995
3051
2996
3052
2997
3053
2998
3054
2999
3055
3000
3056
3001
3057
3002
3058
3003
3059
3004
3060
3005
3061
3006
3062
3007
3063
3008
3064
3009
3065
3010
3066
3011
3067
3012
3068
3013
3069
3014
3070
3015
3071
3016
3072
3017
3073
3018
3074
3019
3075
3020
3076
3077
3022
3078
3023
3079
3024
3080
3025
3081
3026
3082
3027
3083
3028
3084
3029
3085
3030
3086
3031
3087
3032
3088
3033
3089
3034
3090
3035
3091
3036
3092
3037
3093
3038
3094
3039
3095
3040
3096
3041
3097
3042
3098
3043
3099
3044
3100
3045
3101
3046
3102
3047
3103
3048
3104
3049
3105
3050
3106
3051
3107
3052
3108
3053
3109
3054
3110
3055
3111
3056
3112
3057
3113
3058
3114
3059
3115
3060
3116
3061
3117
3062
3118
3063
3119
3064
3120
3065
3121
3066
3122
3067
3123
3068
3124
3069
3125
3070
3126
3071
3127
3072
3128
3073
3129
3074
3130
3075
3131
3076
3132
3077
3133
3134
3079
3135
3080
3136
3081
3137
3082
3138
3083
3139
3084
3140
3085
3141
3086
3142
3087
3143
3088
3144
3089
3145
3090
3146
3091
3147
3092
3148
3093
3149
3094
3150
3095
3151
3096
3152
3097
3153
3098
3154
3099
3155
3100
3156
3101
3157
3102
3158
3103
3159
3104
3160
3105
3161
3106
3162
3107
3163
3108
3164
3109
3165
3110
3166
3111
3167
3112
3168
3113
3169
3114
3170
3115
3171
3116
3172
3117
3173
3118
3174
3119
3175
3120
3176
3121
3177
3122
3178
3123
3179
3124
3180
3125
3181
3126
3182
3127
3183
3128
3184
3129
3185
3130
3186
3131
3187
3132
3188
3133
3189
3134
3190
3191
3136
3192
3137
3193
3138
3194
3139
3195
3140
3196
3141
3197
3142
3198
3143
3199
3144
3200
3145
3201
3146
3202
3147
3203
3148
3204
3149
3205
3150
3206
3151
3207
3152
3208
3153
3209
3154
3210
3155
3211
3156
3212
3157
3213
3158
3214
3159
3215
3160
3216
3161
3217
3162
3218
3163
3219
3164
3220
3165
3221
3166
3222
3167
3223
3168
3224
3169
3225
3170
3226
3171
3227
3172
3228
3173
3229
3174
3230
3175
3231
3176
3232
3177
3233
3178
3234
3179
3235
3180
3236
3181
3237
3182
3238
3183
3239
3184
3240
3185
3241
3186
3242
3187
3243
3188
3244
3189
3245
3190
3246
3191
3247
3248
3193
3249
3194
3250
3195
3251
3196
3252
3197
3253
3198
3254
3199
3255
3200
3256
3201
3257
3202
3258
3203
3259
3204
3260
3205
3261
3206
3262
3207
3263
3208
3264
3209
3265
3210
3266
3211
3267
3212
3268
3213
3269
3214
3270
3215
3271
3216
3272
3217
3273
3218
3274
3219
3275
3220
3276
3221
3277
3222
3278
3223
3279
3224
3280
3225
3281
3226
3282
3227
3283
3228
3284
3229
3285
3230
3286
3231
3287
3232
3288
3233
3289
3234
3290
3235
3291
3236
3292
3237
3293
3238
3294
3239
3295
3240
3296
3241
3297
3242
3298
3243
3299
3244
3300
3245
3301
3246
3302
3247
3303
3248
3304
3305
3250
3306
3251
3307
3252
3308
3253
3309
3254
3310
3255
3311
3256
3312
3257
3313
3258
3314
3259
3315
3260
3316
3261
3317
3262
3318
3263
3319
3264
3320
3265
3321
3266
3322
3267
3323
3268
3324
3269
3325
3270
3326
3271
3327
3272
3328
3273
3329
3274
3330
3275
3331
3276
3332
3277
3333
3278
3334
3279
3335
3280
3336
3281
3337
3282
3338
3283
3339
3284
3340
3285
3341
3286
3342
3287
3343
3288
3344
3289
3345
3290
3346
3291
3347
3292
3348
3293
3349
3294
3350
3295
3351
3296
3352
3297
3353
3298
3354
3299
3355
3300
3356
3301
3357
3302
3358
3303
3359
3304
3360
3305
3361
3362
3307
3363
3308
3364
3309
3365
3310
3366
3311
3367
3312
3368
3313
3369
3314
3370
3315
3371
3316
3372
3317
3373
3318
3374
3319
3375
3320
3376
3321
3377
3322
3378
3323
3379
3324
3380
3325
3381
3326
3382
3327
3383
3328
3384
3329
3385
3330
3386
3331
3387
3332
3388
3333
3389
3334
3390
3335
3391
3336
3392
3337
3393
3338
3394
3339
3395
3340
3396
3341
3397
3342
3398
3343
3399
3344
3400
3345
3401
3346
3402
3347
3403
3348
3404
3349
3405
3350
3406
3351
3407
3352
3408
3353
3409
3354
3410
3355
3411
3356
3412
3357
3413
3358
3414
3359
3415
3360
3416
3361
3417
3362
3418
3419
3364
3420
3365
3421
3366
3422
3367
3423
3368
3424
3369
3425
3370
3426
3371
3427
3372
3428
3373
3429
3374
3430
3375
3431
3376
3432
3377
3433
3378
3434
3379
3435
3380
3436
3381
3437
3382
3438
3383
3439
3384
3440
3385
3441
3386
3442
3387
3443
3388
3444
3389
3445
3390
3446
3391
3447
3392
3448
3393
3449
3394
3450
3395
3451
3396
3452
3397
3453
3398
3454
3399
3455
3400
3456
3401
3457
3402
3458
3403
3459
3404
3460
3405
3461
3406
3462
3407
3463
3408
3464
3409
3465
3410
3466
3411
3467
3412
3468
3413
3469
3414
3470
3415
3471
3416
3472
3417
3473
3418
3474
3419
3475
3476
3421
3477
3422
3478
3423
3479
3424
3480
3425
3481
3426
3482
3427
3483
3428
3484
3429
3485
3430
3486
3431
3487
3432
3488
3433
3489
3434
3490
3435
3491
3436
3492
3437
3493
3438
3494
3439
3495
3440
3496
3441
3497
3442
3498
3443
3499
3444
3500
3445
3501
3446
3502
3447
3503
3448
3504
3449
3505
3450
3506
3451
3507
3452
3508
3453
3509
3454
3510
3455
3511
3456
3512
3457
3513
3458
3514
3459
3515
3460
3516
3461
3517
3462
3518
3463
3519
3464
3520
3465
3521
3466
3522
3467
3523
3468
3524
3469
3525
3470
3526
3471
3527
3472
3528
3473
3529
3474
3530
3475
3531
3476
3532
3533
3478
3534
3479
3535
3480
3536
3481
3537
3482
3538
3483
3539
3484
3540
3485
3541
3486
3542
3487
3543
3488
3544
3489
3545
3490
3546
3491
3547
3492
3548
3493
3549
3494
3550
3495
3551
3496
3552
3497
3553
3498
3554
3499
3555
3500
3556
3501
3557
3502
3558
3503
3559
3504
3560
3505
3561
3506
3562
3507
3563
3508
3564
3509
3565
3510
3566
3511
3567
3512
3568
3513
3569
3514
3570
3515
3571
3516
3572
3517
3573
3518
3574
3519
3575
3520
3576
3521
3577
3522
3578
3523
3579
3524
3580
3525
3581
3526
3582
3527
3583
3528
3584
3529
3585
3530
3586
3531
3587
3532
3588
3533
3589
3590
3535
3591
3536
3592
3537
3593
3538
3594
3539
3595
3540
3596
3541
3597
3542
3598
3543
3599
3544
3600
3545
3601
3546
3602
3547
3603
3548
3604
3549
3605
3550
3606
3551
3607
3552
3608
3553
3609
3554
3610
3555
3611
3556
3612
3557
3613
3558
3614
3559
3615
3560
3616
3561
3617
3562
3618
3563
3619
3564
3620
3565
3621
3566
3622
3567
3623
3568
3624
3569
3625
3570
3626
3571
3627
3572
3628
3573
3629
3574
3630
3575
3631
3576
3632
3577
3633
3578
3634
3579
3635
3580
3636
3581
3637
3582
3638
3583
3639
3584
3640
3585
3641
3586
3642
3587
3643
3588
3644
3589
3645
3590
3646
3647
3592
3648
3593
3649
3594
3650
3595
3651
3596
3652
3597
3653
3598
3654
3599
3655
3600
3656
3601
3657
3602
3658
3603
3659
3604
3660
3605
3661
3606
3662
3607
3663
3608
3664
3609
3665
3610
3666
3611
3667
3612
3668
3613
3669
3614
3670
3615
3671
3616
3672
3617
3673
3618
3674
3619
3675
3620
3676
3621
3677
3622
3678
3623
3679
3624
3680
3625
3681
3626
3682
3627
3683
3628
3684
3629
3685
3630
3686
3631
3687
3632
3688
3633
3689
3634
3690
3635
3691
3636
3692
3637
3693
3638
3694
3639
3695
3640
3696
3641
3697
3642
3698
3643
3699
3644
3700
3645
3701
3646
3702
3647
3703
3704
3649
3705
3650
3706
3651
3707
3652
3708
3653
3709
3654
3710
3655
3711
3656
3712
3657
3713
3658
3714
3659
3715
3660
3716
3661
3717
3662
3718
3663
3719
3664
3720
3665
3721
3666
3722
3667
3723
3668
3724
3669
3725
3670
3726
3671
3727
3672
3728
3673
3729
3674
3730
3675
3731
3676
3732
3677
3733
3678
3734
3679
3735
3680
3736
3681
3737
3682
3738
3683
3739
3684
3740
3685
3741
3686
3742
3687
3743
3688
3744
3689
3745
3690
3746
3691
3747
3692
3748
3693
3749
3694
3750
3695
3751
3696
3752
3697
3753
3698
3754
3699
3755
3700
3756
3701
3757
3702
3758
3703
3759
3704
3760
3761
3706
3762
3707
3763
3708
3764
3709
3765
3710
3766
3711
3767
3712
3768
3713
3769
3714
3770
3715
3771
3716
3772
3717
3773
3718
3774
3719
3775
3720
3776
3721
3777
3722
3778
3723
3779
3724
3780
3725
3781
3726
3782
3727
3783
3728
3784
3729
3785
3730
3786
3731
3787
3732
3788
3733
3789
3734
3790
3735
3791
3736
3792
3737
3793
3738
3794
3739
3795
3740
3796
3741
3797
3742
3798
3743
3799
3744
3800
3745
3801
3746
3802
3747
3803
3748
3804
3749
3805
3750
3806
3751
3807
3752
3808
3753
3809
3754
3810
3755
3811
3756
3812
3757
3813
3758
3814
3759
3815
3760
3816
3761
3817
3818
3763
3819
3764
3820
3765
3821
3766
3822
3767
3823
3768
3824
3769
3825
3770
3826
3771
3827
3772
3828
3773
3829
3774
3830
3775
3831
3776
3832
3777
3833
3778
3834
3779
3835
3780
3836
3781
3837
3782
3838
3783
3839
3784
3840
3785
3841
3786
3842
3787
3843
3788
3844
3789
3845
3790
3846
3791
3847
3792
3848
3793
3849
3794
3850
3795
3851
3796
3852
3797
3853
3798
3854
3799
3855
3800
3856
3801
3857
3802
3858
3803
3859
3804
3860
3805
3861
3806
3862
3807
3863
3808
3864
3809
3865
3810
3866
3811
3867
3812
3868
3813
3869
3814
3870
3815
3871
3816
3872
3817
3873
3818
3874
3875
3820
3876
3821
3877
3822
3878
3823
3879
3824
3880
3825
3881
3826
3882
3827
3883
3828
3884
3829
3885
3830
3886
3831
3887
3832
3888
3833
3889
3834
3890
3835
3891
3836
3892
3837
3893
3838
3894
3839
3895
3840
3896
3841
3897
3842
3898
3843
3899
3844
3900
3845
3901
3846
3902
3847
3903
3848
3904
3849
3905
3850
3906
3851
3907
3852
3908
3853
3909
3854
3910
3855
3911
3856
3912
3857
3913
3858
3914
3859
3915
3860
3916
3861
3917
3862
3918
3863
3919
3864
3920
3865
3921
3866
3922
3867
3923
3868
3924
3869
3925
3870
3926
3871
3927
3872
3928
3873
3929
3874
3930
3875
3931
3932
3877
3933
3878
3934
3879
3935
3880
3936
3881
3937
3882
3938
3883
3939
3884
3940
3885
3941
3886
3942
3887
3943
3888
3944
3889
3945
3890
3946
3891
3947
3892
3948
3893
3949
3894
3950
3895
3951
3896
3952
3897
3953
3898
3954
3899
3955
3900
3956
3901
3957
3902
3958
3903
3959
3904
3960
3905
3961
3906
3962
3907
3963
3908
3964
3909
3965
3910
3966
3911
3967
3912
3968
3913
3969
3914
3970
3915
3971
3916
3972
3917
3973
3918
3974
3919
3975
3920
3976
3921
3977
3922
3978
3923
3979
3924
3980
3925
3981
3926
3982
3927
3983
3928
3984
3929
3985
3930
3986
3931
3987
3932
3988
3989
3934
3990
3935
3991
3936
3992
3937
3993
3938
3994
3939
3995
3940
3996
3941
3997
3942
3998
3943
3999
3944
4000
3945
4001
3946
4002
3947
4003
3948
4004
3949
4005
3950
4006
3951
4007
3952
4008
3953
4009
3954
4010
3955
4011
3956
4012
3957
4013
3958
4014
3959
4015
3960
4016
3961
4017
3962
4018
3963
4019
3964
4020
3965
4021
3966
4022
3967
4023
3968
4024
3969
4025
3970
4026
3971
4027
3972
4028
3973
4029
3974
4030
3975
4031
3976
4032
3977
4033
3978
4034
3979
4035
3980
4036
3981
4037
3982
4038
3983
4039
3984
4040
3985
4041
3986
4042
3987
4043
3988
4044
3989
4045
4046
3991
4047
3992
4048
3993
4049
3994
4050
3995
4051
3996
4052
3997
4053
3998
4054
3999
4055
4000
4056
4001
4057
4002
4058
4003
4059
4004
4060
4005
4061
4006
4062
4007
4063
4008
4064
4009
4065
4010
4066
4011
4067
4012
4068
4013
4069
4014
4070
4015
4071
4016
4072
4017
4073
4018
4074
4019
4075
4020
4076
4021
4077
4022
4078
4023
4079
4024
4080
4025
4081
4026
4082
4027
4083
4028
4084
4029
4085
4030
4086
4031
4087
4032
4088
4033
4089
4034
4090
4035
4091
4036
4092
4037
4093
4038
4094
4039
4095
4040
4096
4041
4097
4042
4098
4043
4099
4044
4100
4045
4101
4046
4102
4103
4048
4104
4049
4105
4050
4106
4051
4107
4052
4108
4053
4109
4054
4110
4055
4111
4056
4112
4057
4113
4058
4114
4059
4115
4060
4116
4061
4117
4062
4118
4063
4119
4064
4120
4065
4121
4066
4122
4067
4123
4068
4124
4069
4125
4070
4126
4071
4127
4072
4128
4073
4129
4074
4130
4075
4131
4076
4132
4077
4133
4078
4134
4079
4135
4080
4136
4081
4137
4082
4138
4083
4139
4084
4140
4085
4141
4086
4142
4087
4143
4088
4144
4089
4145
4090
4146
4091
4147
4092
4148
4093
4149
4094
4150
4095
4151
4096
4152
4097
4153
4098
4154
4099
4155
4100
4156
4101
4157
4102
4158
4103
4159
4160
4105
4161
4106
4162
4107
4163
4108
4164
4109
4165
4110
4166
4111
4167
4112
4168
4113
4169
4114
4170
4115
4171
4116
4172
4117
4173
4118
4174
4119
4175
4120
4176
4121
4177
4122
4178
4123
4179
4124
4180
4125
4181
4126
4182
4127
4183
4128
4184
4129
4185
4130
4186
4131
4187
4132
4188
4133
4189
4134
4190
4135
4191
4136
4192
4137
4193
4138
4194
4139
4195
4140
4196
4141
4197
4142
4198
4143
4199
4144
4200
4145
4201
4146
4202
4147
4203
4148
4204
4149
4205
4150
4206
4151
4207
4152
4208
4153
4209
4154
4210
4155
4211
4156
4212
4157
4213
4158
4214
4159
4215
4160
4216
4217
4162
4218
4163
4219
4164
4220
4165
4221
4166
4222
4167
4223
4168
4224
4169
4225
4170
4226
4171
4227
4172
4228
4173
4229
4174
4230
4175
4231
4176
4232
4177
4233
4178
4234
4179
4235
4180
4236
4181
4237
4182
4238
4183
4239
4184
4240
4185
4241
4186
4242
4187
4243
4188
4244
4189
4245
4190
4246
4191
4247
4192
4248
4193
4249
4194
4250
4195
4251
4196
4252
4197
4253
4198
4254
4199
4255
4200
4256
4201
4257
4202
4258
4203
4259
4204
4260
4205
4261
4206
4262
4207
4263
4208
4264
4209
4265
4210
4266
4211
4267
4212
4268
4213
4269
4214
4270
4215
4271
4216
4272
4217
4273
4274
4219
4275
4220
4276
4221
4277
4222
4278
4223
4279
4224
4280
4225
4281
4226
4282
4227
4283
4228
4284
4229
4285
4230
4286
4231
4287
4232
4288
4233
4289
4234
4290
4235
4291
4236
4292
4237
4293
4238
4294
4239
4295
4240
4296
4241
4297
4242
4298
4243
4299
4244
4300
4245
4301
4246
4302
4247
4303
4248
4304
4249
4305
4250
4306
4251
4307
4252
4308
4253
4309
4254
4310
4255
4311
4256
4312
4257
4313
4258
4314
4259
4315
4260
4316
4261
4317
4262
4318
4263
4319
4264
4320
4265
4321
4266
4322
4267
4323
4268
4324
4269
4325
4270
4326
4271
4327
4272
4328
4273
4329
4274
4330
4331
4276
4332
4277
4333
4278
4334
4279
4335
4280
4336
4281
4337
4282
4338
4283
4339
4284
4340
4285
4341
4286
4342
4287
4343
4288
4344
4289
4345
4290
4346
4291
4347
4292
4348
4293
4349
4294
4350
4295
4351
4296
4352
4297
4353
4298
4354
4299
4355
4300
4356
4301
4357
4302
4358
4303
4359
4304
4360
4305
4361
4306
4362
4307
4363
4308
4364
4309
4365
4310
4366
4311
4367
4312
4368
4313
4369
4314
4370
4315
4371
4316
4372
4317
4373
4318
4374
4319
4375
4320
4376
4321
4377
4322
4378
4323
4379
4324
4380
4325
4381
4326
4382
4327
4383
4328
4384
4329
4385
4330
4386
4331
4387
4388
4333
4389
4334
4390
4335
4391
4336
4392
4337
4393
4338
4394
4339
4395
4340
4396
4341
4397
4342
4398
4343
4399
4344
4400
4345
4401
4346
4402
4347
4403
4348
4404
4349
4405
4350
4406
4351
4407
4352
4408
4353
4409
4354
4410
4355
4411
4356
4412
4357
4413
4358
4414
4359
4415
4360
4416
4361
4417
4362
4418
4363
4419
4364
4420
4365
4421
4366
4422
4367
4423
4368
4424
4369
4425
4370
4426
4371
4427
4372
4428
4373
4429
4374
4430
4375
4431
4376
4432
4377
4433
4378
4434
4379
4435
4380
4436
4381
4437
4382
4438
4383
4439
4384
4440
4385
4441
4386
4442
4387
4443
4388
4444
4445
4390
4446
4391
4447
4392
4448
4393
4449
4394
4450
4395
4451
4396
4452
4397
4453
4398
4454
4399
4455
4400
4456
4401
4457
4402
4458
4403
4459
4404
4460
4405
4461
4406
4462
4407
4463
4408
4464
4409
4465
4410
4466
4411
4467
4412
4468
4413
4469
4414
4470
4415
4471
4416
4472
4417
4473
4418
4474
4419
4475
4420
4476
4421
4477
4422
4478
4423
4479
4424
4480
4425
4481
4426
4482
4427
4483
4428
4484
4429
4485
4430
4486
4431
4487
4432
4488
4433
4489
4434
4490
4435
4491
4436
4492
4437
4493
4438
4494
4439
4495
4440
4496
4441
4497
4442
4498
4443
4499
4444
4500
4445
4501
4502
4447
4503
4448
4504
4449
4505
4450
4506
4451
4507
4452
4508
4453
4509
4454
4510
4455
4511
4456
4512
4457
4513
4458
4514
4459
4515
4460
4516
4461
4517
4462
4518
4463
4519
4464
4520
4465
4521
4466
4522
4467
4523
4468
4524
4469
4525
4470
4526
4471
4527
4472
4528
4473
4529
4474
4530
4475
4531
4476
4532
4477
4533
4478
4534
4479
4535
4480
4536
4481
4537
4482
4538
4483
4539
4484
4540
4485
4541
4486
4542
4487
4543
4488
4544
4489
4545
4490
4546
4491
4547
4492
4548
4493
4549
4494
4550
4495
4551
4496
4552
4497
4553
4498
4554
4499
4555
4500
4556
4501
4557
4502
4558
4559
4504
4560
4505
4561
4506
4562
4507
4563
4508
4564
4509
4565
4510
4566
4511
4567
4512
4568
4513
4569
4514
4570
4515
4571
4516
4572
4517
4573
4518
4574
4519
4575
4520
4576
4521
4577
4522
4578
4523
4579
4524
4580
4525
4581
4526
4582
4527
4583
4528
4584
4529
4585
4530
4586
4531
4587
4532
4588
4533
4589
4534
4590
4535
4591
4536
4592
4537
4593
4538
4594
4539
4595
4540
4596
4541
4597
4542
4598
4543
4599
4544
4600
4545
4601
4546
4602
4547
4603
4548
4604
4549
4605
4550
4606
4551
4607
4552
4608
4553
4609
4554
4610
4555
4611
4556
4612
4557
4613
4558
4614
4559
4615
4616
4561
4617
4562
4618
4563
4619
4564
4620
4565
4621
4566
4622
4567
4623
4568
4624
4569
4625
4570
4626
4571
4627
4572
4628
4573
4629
4574
4630
4575
4631
4576
4632
4577
4633
4578
4634
4579
4635
4580
4636
4581
4637
4582
4638
4583
4639
4584
4640
4585
4641
4586
4642
4587
4643
4588
4644
4589
4645
4590
4646
4591
4647
4592
4648
4593
4649
4594
4650
4595
4651
4596
4652
4597
4653
4598
4654
4599
4655
4600
4656
4601
4657
4602
4658
4603
4659
4604
4660
4605
4661
4606
4662
4607
4663
4608
4664
4609
4665
4610
4666
4611
4667
4612
4668
4613
4669
4614
4670
4615
4671
4616
4672
4673
4618
4674
4619
4675
4620
4676
4621
4677
4622
4678
4623
4679
4624
4680
4625
4681
4626
4682
4627
4683
4628
4684
4629
4685
4630
4686
4631
4687
4632
4688
4633
4689
4634
4690
4635
4691
4636
4692
4637
4693
4638
4694
4639
4695
4640
4696
4641
4697
4642
4698
4643
4699
4644
4700
4645
4701
4646
4702
4647
4703
4648
4704
4649
4705
4650
4706
4651
4707
4652
4708
4653
4709
4654
4710
4655
4711
4656
4712
4657
4713
4658
4714
4659
4715
4660
4716
4661
4717
4662
4718
4663
4719
4664
4720
4665
4721
4666
4722
4667
4723
4668
4724
4669
4725
4670
4726
4671
4727
4672
4728
4673
4729
4730
4675
4731
4676
4732
4677
4733
4678
4734
4679
4735
4680
4736
4681
4737
4682
4738
4683
4739
4684
4740
4685
4741
4686
4742
4687
4743
4688
4744
4689
4745
4690
4746
4691
4747
4692
4748
4693
4749
4694
4750
4695
4751
4696
4752
4697
4753
4698
4754
4699
4755
4700
4756
4701
4757
4702
4758
4703
4759
4704
4760
4705
4761
4706
4762
4707
4763
4708
4764
4709
4765
4710
4766
4711
4767
4712
4768
4713
4769
4714
4770
4715
4771
4716
4772
4717
4773
4718
4774
4719
4775
4720
4776
4721
4777
4722
4778
4723
4779
4724
4780
4725
4781
4726
4782
4727
4783
4728
4784
4729
4785
4730
4786
4787
4732
4788
4733
4789
4734
4790
4735
4791
4736
4792
4737
4793
4738
4794
4739
4795
4740
4796
4741
4797
4742
4798
4743
4799
4744
4800
4745
4801
4746
4802
4747
4803
4748
4804
4749
4805
4750
4806
4751
4807
4752
4808
4753
4809
4754
4810
4755
4811
4756
4812
4757
4813
4758
4814
4759
4815
4760
4816
4761
4817
4762
4818
4763
4819
4764
4820
4765
4821
4766
4822
4767
4823
4768
4824
4769
4825
4770
4826
4771
4827
4772
4828
4773
4829
4774
4830
4775
4831
4776
4832
4777
4833
4778
4834
4779
4835
4780
4836
4781
4837
4782
4838
4783
4839
4784
4840
4785
4841
4786
4842
4787
4843
4844
4789
4790
4791
4792
4793
4794
4795
4796
4797
4798
4799
4800
4801
4802
4803
4804
4805
4806
4807
4808
4809
4810
4811
4812
4813
4814
4815
4816
4817
4818
4819
4820
4821
4822
4823
4824
4825
4826
4827
4828
4829
4830
4831
4832
4833
4834
4835
4836
4837
4838
4839
4840
4841
4842
4843
4844
)


// ************************************************************************* //
