/*--------------------------------*- C++ -*----------------------------------*\
| =========                 |                                                 |
| \\      /  F ield         | OpenFOAM: The Open Source CFD Toolbox           |
|  \\    /   O peration     | Version:  v2012                                 |
|   \\  /    A nd           | Website:  www.openfoam.com                      |
|    \\/     M anipulation  |                                                 |
\*---------------------------------------------------------------------------*/
FoamFile
{
    version     2.0;
    format      ascii;
    class       faceList;
    location    "constant/polyMesh";
    object      faces;
}
// * * * * * * * * * * * * * * * * * * * * * * * * * * * * * * * * * * * * * //


3712
(
3(0 1872 936)
4(0 936 1836 900)
3(1873 972 36)
4(0 36 972 936)
3(1874 1008 72)
4(36 72 1008 972)
3(1875 1044 108)
4(72 108 1044 1008)
3(1876 1080 144)
4(108 144 1080 1044)
3(1877 1116 180)
4(144 180 1116 1080)
3(1878 1152 216)
4(180 216 1152 1116)
3(1879 1188 252)
4(216 252 1188 1152)
3(1880 1224 288)
4(252 288 1224 1188)
3(1881 1260 324)
4(288 324 1260 1224)
3(1882 1296 360)
4(324 360 1296 1260)
3(1883 1332 396)
4(360 396 1332 1296)
3(1884 1368 432)
4(396 432 1368 1332)
3(1885 1404 468)
4(432 468 1404 1368)
3(1886 1440 504)
4(468 504 1440 1404)
3(1887 1476 540)
4(504 540 1476 1440)
3(1888 1512 576)
4(540 576 1512 1476)
3(1889 1548 612)
4(576 612 1548 1512)
3(1890 1584 648)
4(612 648 1584 1548)
3(1891 1620 684)
4(648 684 1620 1584)
3(1892 1656 720)
4(684 720 1656 1620)
3(1893 1692 756)
4(720 756 1692 1656)
3(1894 1728 792)
4(756 792 1728 1692)
3(1895 1764 828)
4(792 828 1764 1728)
4(828 864 1800 1764)
4(0 936 937 1)
4(1 937 1837 901)
4(36 972 973 37)
4(1 37 973 937)
4(72 1008 1009 73)
4(37 73 1009 973)
4(108 1044 1045 109)
4(73 109 1045 1009)
4(144 1080 1081 145)
4(109 145 1081 1045)
4(180 1116 1117 181)
4(145 181 1117 1081)
4(216 1152 1153 217)
4(181 217 1153 1117)
4(252 1188 1189 253)
4(217 253 1189 1153)
4(288 1224 1225 289)
4(253 289 1225 1189)
4(324 1260 1261 325)
4(289 325 1261 1225)
4(360 1296 1297 361)
4(325 361 1297 1261)
4(396 1332 1333 397)
4(361 397 1333 1297)
4(432 1368 1369 433)
4(397 433 1369 1333)
4(468 1404 1405 469)
4(433 469 1405 1369)
4(504 1440 1441 505)
4(469 505 1441 1405)
4(540 1476 1477 541)
4(505 541 1477 1441)
4(576 1512 1513 577)
4(541 577 1513 1477)
4(612 1548 1549 613)
4(577 613 1549 1513)
4(648 1584 1585 649)
4(613 649 1585 1549)
4(684 1620 1621 685)
4(649 685 1621 1585)
4(720 1656 1657 721)
4(685 721 1657 1621)
4(756 1692 1693 757)
4(721 757 1693 1657)
4(792 1728 1729 793)
4(757 793 1729 1693)
4(828 1764 1765 829)
4(793 829 1765 1729)
4(829 865 1801 1765)
4(1 937 938 2)
4(2 938 1838 902)
4(37 973 974 38)
4(2 38 974 938)
4(73 1009 1010 74)
4(38 74 1010 974)
4(109 1045 1046 110)
4(74 110 1046 1010)
4(145 1081 1082 146)
4(110 146 1082 1046)
4(181 1117 1118 182)
4(146 182 1118 1082)
4(217 1153 1154 218)
4(182 218 1154 1118)
4(253 1189 1190 254)
4(218 254 1190 1154)
4(289 1225 1226 290)
4(254 290 1226 1190)
4(325 1261 1262 326)
4(290 326 1262 1226)
4(361 1297 1298 362)
4(326 362 1298 1262)
4(397 1333 1334 398)
4(362 398 1334 1298)
4(433 1369 1370 434)
4(398 434 1370 1334)
4(469 1405 1406 470)
4(434 470 1406 1370)
4(505 1441 1442 506)
4(470 506 1442 1406)
4(541 1477 1478 542)
4(506 542 1478 1442)
4(577 1513 1514 578)
4(542 578 1514 1478)
4(613 1549 1550 614)
4(578 614 1550 1514)
4(649 1585 1586 650)
4(614 650 1586 1550)
4(685 1621 1622 686)
4(650 686 1622 1586)
4(721 1657 1658 722)
4(686 722 1658 1622)
4(757 1693 1694 758)
4(722 758 1694 1658)
4(793 1729 1730 794)
4(758 794 1730 1694)
4(829 1765 1766 830)
4(794 830 1766 1730)
4(830 866 1802 1766)
4(2 938 939 3)
4(3 939 1839 903)
4(38 974 975 39)
4(3 39 975 939)
4(74 1010 1011 75)
4(39 75 1011 975)
4(110 1046 1047 111)
4(75 111 1047 1011)
4(146 1082 1083 147)
4(111 147 1083 1047)
4(182 1118 1119 183)
4(147 183 1119 1083)
4(218 1154 1155 219)
4(183 219 1155 1119)
4(254 1190 1191 255)
4(219 255 1191 1155)
4(290 1226 1227 291)
4(255 291 1227 1191)
4(326 1262 1263 327)
4(291 327 1263 1227)
4(362 1298 1299 363)
4(327 363 1299 1263)
4(398 1334 1335 399)
4(363 399 1335 1299)
4(434 1370 1371 435)
4(399 435 1371 1335)
4(470 1406 1407 471)
4(435 471 1407 1371)
4(506 1442 1443 507)
4(471 507 1443 1407)
4(542 1478 1479 543)
4(507 543 1479 1443)
4(578 1514 1515 579)
4(543 579 1515 1479)
4(614 1550 1551 615)
4(579 615 1551 1515)
4(650 1586 1587 651)
4(615 651 1587 1551)
4(686 1622 1623 687)
4(651 687 1623 1587)
4(722 1658 1659 723)
4(687 723 1659 1623)
4(758 1694 1695 759)
4(723 759 1695 1659)
4(794 1730 1731 795)
4(759 795 1731 1695)
4(830 1766 1767 831)
4(795 831 1767 1731)
4(831 867 1803 1767)
4(3 939 940 4)
4(4 940 1840 904)
4(39 975 976 40)
4(4 40 976 940)
4(75 1011 1012 76)
4(40 76 1012 976)
4(111 1047 1048 112)
4(76 112 1048 1012)
4(147 1083 1084 148)
4(112 148 1084 1048)
4(183 1119 1120 184)
4(148 184 1120 1084)
4(219 1155 1156 220)
4(184 220 1156 1120)
4(255 1191 1192 256)
4(220 256 1192 1156)
4(291 1227 1228 292)
4(256 292 1228 1192)
4(327 1263 1264 328)
4(292 328 1264 1228)
4(363 1299 1300 364)
4(328 364 1300 1264)
4(399 1335 1336 400)
4(364 400 1336 1300)
4(435 1371 1372 436)
4(400 436 1372 1336)
4(471 1407 1408 472)
4(436 472 1408 1372)
4(507 1443 1444 508)
4(472 508 1444 1408)
4(543 1479 1480 544)
4(508 544 1480 1444)
4(579 1515 1516 580)
4(544 580 1516 1480)
4(615 1551 1552 616)
4(580 616 1552 1516)
4(651 1587 1588 652)
4(616 652 1588 1552)
4(687 1623 1624 688)
4(652 688 1624 1588)
4(723 1659 1660 724)
4(688 724 1660 1624)
4(759 1695 1696 760)
4(724 760 1696 1660)
4(795 1731 1732 796)
4(760 796 1732 1696)
4(831 1767 1768 832)
4(796 832 1768 1732)
4(832 868 1804 1768)
4(4 940 941 5)
4(5 941 1841 905)
4(40 976 977 41)
4(5 41 977 941)
4(76 1012 1013 77)
4(41 77 1013 977)
4(112 1048 1049 113)
4(77 113 1049 1013)
4(148 1084 1085 149)
4(113 149 1085 1049)
4(184 1120 1121 185)
4(149 185 1121 1085)
4(220 1156 1157 221)
4(185 221 1157 1121)
4(256 1192 1193 257)
4(221 257 1193 1157)
4(292 1228 1229 293)
4(257 293 1229 1193)
4(328 1264 1265 329)
4(293 329 1265 1229)
4(364 1300 1301 365)
4(329 365 1301 1265)
4(400 1336 1337 401)
4(365 401 1337 1301)
4(436 1372 1373 437)
4(401 437 1373 1337)
4(472 1408 1409 473)
4(437 473 1409 1373)
4(508 1444 1445 509)
4(473 509 1445 1409)
4(544 1480 1481 545)
4(509 545 1481 1445)
4(580 1516 1517 581)
4(545 581 1517 1481)
4(616 1552 1553 617)
4(581 617 1553 1517)
4(652 1588 1589 653)
4(617 653 1589 1553)
4(688 1624 1625 689)
4(653 689 1625 1589)
4(724 1660 1661 725)
4(689 725 1661 1625)
4(760 1696 1697 761)
4(725 761 1697 1661)
4(796 1732 1733 797)
4(761 797 1733 1697)
4(832 1768 1769 833)
4(797 833 1769 1733)
4(833 869 1805 1769)
4(5 941 942 6)
4(6 942 1842 906)
4(41 977 978 42)
4(6 42 978 942)
4(77 1013 1014 78)
4(42 78 1014 978)
4(113 1049 1050 114)
4(78 114 1050 1014)
4(149 1085 1086 150)
4(114 150 1086 1050)
4(185 1121 1122 186)
4(150 186 1122 1086)
4(221 1157 1158 222)
4(186 222 1158 1122)
4(257 1193 1194 258)
4(222 258 1194 1158)
4(293 1229 1230 294)
4(258 294 1230 1194)
4(329 1265 1266 330)
4(294 330 1266 1230)
4(365 1301 1302 366)
4(330 366 1302 1266)
4(401 1337 1338 402)
4(366 402 1338 1302)
4(437 1373 1374 438)
4(402 438 1374 1338)
4(473 1409 1410 474)
4(438 474 1410 1374)
4(509 1445 1446 510)
4(474 510 1446 1410)
4(545 1481 1482 546)
4(510 546 1482 1446)
4(581 1517 1518 582)
4(546 582 1518 1482)
4(617 1553 1554 618)
4(582 618 1554 1518)
4(653 1589 1590 654)
4(618 654 1590 1554)
4(689 1625 1626 690)
4(654 690 1626 1590)
4(725 1661 1662 726)
4(690 726 1662 1626)
4(761 1697 1698 762)
4(726 762 1698 1662)
4(797 1733 1734 798)
4(762 798 1734 1698)
4(833 1769 1770 834)
4(798 834 1770 1734)
4(834 870 1806 1770)
4(6 942 943 7)
4(7 943 1843 907)
4(42 978 979 43)
4(7 43 979 943)
4(78 1014 1015 79)
4(43 79 1015 979)
4(114 1050 1051 115)
4(79 115 1051 1015)
4(150 1086 1087 151)
4(115 151 1087 1051)
4(186 1122 1123 187)
4(151 187 1123 1087)
4(222 1158 1159 223)
4(187 223 1159 1123)
4(258 1194 1195 259)
4(223 259 1195 1159)
4(294 1230 1231 295)
4(259 295 1231 1195)
4(330 1266 1267 331)
4(295 331 1267 1231)
4(366 1302 1303 367)
4(331 367 1303 1267)
4(402 1338 1339 403)
4(367 403 1339 1303)
4(438 1374 1375 439)
4(403 439 1375 1339)
4(474 1410 1411 475)
4(439 475 1411 1375)
4(510 1446 1447 511)
4(475 511 1447 1411)
4(546 1482 1483 547)
4(511 547 1483 1447)
4(582 1518 1519 583)
4(547 583 1519 1483)
4(618 1554 1555 619)
4(583 619 1555 1519)
4(654 1590 1591 655)
4(619 655 1591 1555)
4(690 1626 1627 691)
4(655 691 1627 1591)
4(726 1662 1663 727)
4(691 727 1663 1627)
4(762 1698 1699 763)
4(727 763 1699 1663)
4(798 1734 1735 799)
4(763 799 1735 1699)
4(834 1770 1771 835)
4(799 835 1771 1735)
4(835 871 1807 1771)
4(7 943 944 8)
4(8 944 1844 908)
4(43 979 980 44)
4(8 44 980 944)
4(79 1015 1016 80)
4(44 80 1016 980)
4(115 1051 1052 116)
4(80 116 1052 1016)
4(151 1087 1088 152)
4(116 152 1088 1052)
4(187 1123 1124 188)
4(152 188 1124 1088)
4(223 1159 1160 224)
4(188 224 1160 1124)
4(259 1195 1196 260)
4(224 260 1196 1160)
4(295 1231 1232 296)
4(260 296 1232 1196)
4(331 1267 1268 332)
4(296 332 1268 1232)
4(367 1303 1304 368)
4(332 368 1304 1268)
4(403 1339 1340 404)
4(368 404 1340 1304)
4(439 1375 1376 440)
4(404 440 1376 1340)
4(475 1411 1412 476)
4(440 476 1412 1376)
4(511 1447 1448 512)
4(476 512 1448 1412)
4(547 1483 1484 548)
4(512 548 1484 1448)
4(583 1519 1520 584)
4(548 584 1520 1484)
4(619 1555 1556 620)
4(584 620 1556 1520)
4(655 1591 1592 656)
4(620 656 1592 1556)
4(691 1627 1628 692)
4(656 692 1628 1592)
4(727 1663 1664 728)
4(692 728 1664 1628)
4(763 1699 1700 764)
4(728 764 1700 1664)
4(799 1735 1736 800)
4(764 800 1736 1700)
4(835 1771 1772 836)
4(800 836 1772 1736)
4(836 872 1808 1772)
4(8 944 945 9)
4(9 945 1845 909)
4(44 980 981 45)
4(9 45 981 945)
4(80 1016 1017 81)
4(45 81 1017 981)
4(116 1052 1053 117)
4(81 117 1053 1017)
4(152 1088 1089 153)
4(117 153 1089 1053)
4(188 1124 1125 189)
4(153 189 1125 1089)
4(224 1160 1161 225)
4(189 225 1161 1125)
4(260 1196 1197 261)
4(225 261 1197 1161)
4(296 1232 1233 297)
4(261 297 1233 1197)
4(332 1268 1269 333)
4(297 333 1269 1233)
4(368 1304 1305 369)
4(333 369 1305 1269)
4(404 1340 1341 405)
4(369 405 1341 1305)
4(440 1376 1377 441)
4(405 441 1377 1341)
4(476 1412 1413 477)
4(441 477 1413 1377)
4(512 1448 1449 513)
4(477 513 1449 1413)
4(548 1484 1485 549)
4(513 549 1485 1449)
4(584 1520 1521 585)
4(549 585 1521 1485)
4(620 1556 1557 621)
4(585 621 1557 1521)
4(656 1592 1593 657)
4(621 657 1593 1557)
4(692 1628 1629 693)
4(657 693 1629 1593)
4(728 1664 1665 729)
4(693 729 1665 1629)
4(764 1700 1701 765)
4(729 765 1701 1665)
4(800 1736 1737 801)
4(765 801 1737 1701)
4(836 1772 1773 837)
4(801 837 1773 1737)
4(837 873 1809 1773)
4(9 945 946 10)
4(10 946 1846 910)
4(45 981 982 46)
4(10 46 982 946)
4(81 1017 1018 82)
4(46 82 1018 982)
4(117 1053 1054 118)
4(82 118 1054 1018)
4(153 1089 1090 154)
4(118 154 1090 1054)
4(189 1125 1126 190)
4(154 190 1126 1090)
4(225 1161 1162 226)
4(190 226 1162 1126)
4(261 1197 1198 262)
4(226 262 1198 1162)
4(297 1233 1234 298)
4(262 298 1234 1198)
4(333 1269 1270 334)
4(298 334 1270 1234)
4(369 1305 1306 370)
4(334 370 1306 1270)
4(405 1341 1342 406)
4(370 406 1342 1306)
4(441 1377 1378 442)
4(406 442 1378 1342)
4(477 1413 1414 478)
4(442 478 1414 1378)
4(513 1449 1450 514)
4(478 514 1450 1414)
4(549 1485 1486 550)
4(514 550 1486 1450)
4(585 1521 1522 586)
4(550 586 1522 1486)
4(621 1557 1558 622)
4(586 622 1558 1522)
4(657 1593 1594 658)
4(622 658 1594 1558)
4(693 1629 1630 694)
4(658 694 1630 1594)
4(729 1665 1666 730)
4(694 730 1666 1630)
4(765 1701 1702 766)
4(730 766 1702 1666)
4(801 1737 1738 802)
4(766 802 1738 1702)
4(837 1773 1774 838)
4(802 838 1774 1738)
4(838 874 1810 1774)
4(10 946 947 11)
4(11 947 1847 911)
4(46 982 983 47)
4(11 47 983 947)
4(82 1018 1019 83)
4(47 83 1019 983)
4(118 1054 1055 119)
4(83 119 1055 1019)
4(154 1090 1091 155)
4(119 155 1091 1055)
4(190 1126 1127 191)
4(155 191 1127 1091)
4(226 1162 1163 227)
4(191 227 1163 1127)
4(262 1198 1199 263)
4(227 263 1199 1163)
4(298 1234 1235 299)
4(263 299 1235 1199)
4(334 1270 1271 335)
4(299 335 1271 1235)
4(370 1306 1307 371)
4(335 371 1307 1271)
4(406 1342 1343 407)
4(371 407 1343 1307)
4(442 1378 1379 443)
4(407 443 1379 1343)
4(478 1414 1415 479)
4(443 479 1415 1379)
4(514 1450 1451 515)
4(479 515 1451 1415)
4(550 1486 1487 551)
4(515 551 1487 1451)
4(586 1522 1523 587)
4(551 587 1523 1487)
4(622 1558 1559 623)
4(587 623 1559 1523)
4(658 1594 1595 659)
4(623 659 1595 1559)
4(694 1630 1631 695)
4(659 695 1631 1595)
4(730 1666 1667 731)
4(695 731 1667 1631)
4(766 1702 1703 767)
4(731 767 1703 1667)
4(802 1738 1739 803)
4(767 803 1739 1703)
4(838 1774 1775 839)
4(803 839 1775 1739)
4(839 875 1811 1775)
4(11 947 948 12)
4(12 948 1848 912)
4(47 983 984 48)
4(12 48 984 948)
4(83 1019 1020 84)
4(48 84 1020 984)
4(119 1055 1056 120)
4(84 120 1056 1020)
4(155 1091 1092 156)
4(120 156 1092 1056)
4(191 1127 1128 192)
4(156 192 1128 1092)
4(227 1163 1164 228)
4(192 228 1164 1128)
4(263 1199 1200 264)
4(228 264 1200 1164)
4(299 1235 1236 300)
4(264 300 1236 1200)
4(335 1271 1272 336)
4(300 336 1272 1236)
4(371 1307 1308 372)
4(336 372 1308 1272)
4(407 1343 1344 408)
4(372 408 1344 1308)
4(443 1379 1380 444)
4(408 444 1380 1344)
4(479 1415 1416 480)
4(444 480 1416 1380)
4(515 1451 1452 516)
4(480 516 1452 1416)
4(551 1487 1488 552)
4(516 552 1488 1452)
4(587 1523 1524 588)
4(552 588 1524 1488)
4(623 1559 1560 624)
4(588 624 1560 1524)
4(659 1595 1596 660)
4(624 660 1596 1560)
4(695 1631 1632 696)
4(660 696 1632 1596)
4(731 1667 1668 732)
4(696 732 1668 1632)
4(767 1703 1704 768)
4(732 768 1704 1668)
4(803 1739 1740 804)
4(768 804 1740 1704)
4(839 1775 1776 840)
4(804 840 1776 1740)
4(840 876 1812 1776)
4(12 948 949 13)
4(13 949 1849 913)
4(48 984 985 49)
4(13 49 985 949)
4(84 1020 1021 85)
4(49 85 1021 985)
4(120 1056 1057 121)
4(85 121 1057 1021)
4(156 1092 1093 157)
4(121 157 1093 1057)
4(192 1128 1129 193)
4(157 193 1129 1093)
4(228 1164 1165 229)
4(193 229 1165 1129)
4(264 1200 1201 265)
4(229 265 1201 1165)
4(300 1236 1237 301)
4(265 301 1237 1201)
4(336 1272 1273 337)
4(301 337 1273 1237)
4(372 1308 1309 373)
4(337 373 1309 1273)
4(408 1344 1345 409)
4(373 409 1345 1309)
4(444 1380 1381 445)
4(409 445 1381 1345)
4(480 1416 1417 481)
4(445 481 1417 1381)
4(516 1452 1453 517)
4(481 517 1453 1417)
4(552 1488 1489 553)
4(517 553 1489 1453)
4(588 1524 1525 589)
4(553 589 1525 1489)
4(624 1560 1561 625)
4(589 625 1561 1525)
4(660 1596 1597 661)
4(625 661 1597 1561)
4(696 1632 1633 697)
4(661 697 1633 1597)
4(732 1668 1669 733)
4(697 733 1669 1633)
4(768 1704 1705 769)
4(733 769 1705 1669)
4(804 1740 1741 805)
4(769 805 1741 1705)
4(840 1776 1777 841)
4(805 841 1777 1741)
4(841 877 1813 1777)
4(13 949 950 14)
4(14 950 1850 914)
4(49 985 986 50)
4(14 50 986 950)
4(85 1021 1022 86)
4(50 86 1022 986)
4(121 1057 1058 122)
4(86 122 1058 1022)
4(157 1093 1094 158)
4(122 158 1094 1058)
4(193 1129 1130 194)
4(158 194 1130 1094)
4(229 1165 1166 230)
4(194 230 1166 1130)
4(265 1201 1202 266)
4(230 266 1202 1166)
4(301 1237 1238 302)
4(266 302 1238 1202)
4(337 1273 1274 338)
4(302 338 1274 1238)
4(373 1309 1310 374)
4(338 374 1310 1274)
4(409 1345 1346 410)
4(374 410 1346 1310)
4(445 1381 1382 446)
4(410 446 1382 1346)
4(481 1417 1418 482)
4(446 482 1418 1382)
4(517 1453 1454 518)
4(482 518 1454 1418)
4(553 1489 1490 554)
4(518 554 1490 1454)
4(589 1525 1526 590)
4(554 590 1526 1490)
4(625 1561 1562 626)
4(590 626 1562 1526)
4(661 1597 1598 662)
4(626 662 1598 1562)
4(697 1633 1634 698)
4(662 698 1634 1598)
4(733 1669 1670 734)
4(698 734 1670 1634)
4(769 1705 1706 770)
4(734 770 1706 1670)
4(805 1741 1742 806)
4(770 806 1742 1706)
4(841 1777 1778 842)
4(806 842 1778 1742)
4(842 878 1814 1778)
4(14 950 951 15)
4(15 951 1851 915)
4(50 986 987 51)
4(15 51 987 951)
4(86 1022 1023 87)
4(51 87 1023 987)
4(122 1058 1059 123)
4(87 123 1059 1023)
4(158 1094 1095 159)
4(123 159 1095 1059)
4(194 1130 1131 195)
4(159 195 1131 1095)
4(230 1166 1167 231)
4(195 231 1167 1131)
4(266 1202 1203 267)
4(231 267 1203 1167)
4(302 1238 1239 303)
4(267 303 1239 1203)
4(338 1274 1275 339)
4(303 339 1275 1239)
4(374 1310 1311 375)
4(339 375 1311 1275)
4(410 1346 1347 411)
4(375 411 1347 1311)
4(446 1382 1383 447)
4(411 447 1383 1347)
4(482 1418 1419 483)
4(447 483 1419 1383)
4(518 1454 1455 519)
4(483 519 1455 1419)
4(554 1490 1491 555)
4(519 555 1491 1455)
4(590 1526 1527 591)
4(555 591 1527 1491)
4(626 1562 1563 627)
4(591 627 1563 1527)
4(662 1598 1599 663)
4(627 663 1599 1563)
4(698 1634 1635 699)
4(663 699 1635 1599)
4(734 1670 1671 735)
4(699 735 1671 1635)
4(770 1706 1707 771)
4(735 771 1707 1671)
4(806 1742 1743 807)
4(771 807 1743 1707)
4(842 1778 1779 843)
4(807 843 1779 1743)
4(843 879 1815 1779)
4(15 951 952 16)
4(16 952 1852 916)
4(51 987 988 52)
4(16 52 988 952)
4(87 1023 1024 88)
4(52 88 1024 988)
4(123 1059 1060 124)
4(88 124 1060 1024)
4(159 1095 1096 160)
4(124 160 1096 1060)
4(195 1131 1132 196)
4(160 196 1132 1096)
4(231 1167 1168 232)
4(196 232 1168 1132)
4(267 1203 1204 268)
4(232 268 1204 1168)
4(303 1239 1240 304)
4(268 304 1240 1204)
4(339 1275 1276 340)
4(304 340 1276 1240)
4(375 1311 1312 376)
4(340 376 1312 1276)
4(411 1347 1348 412)
4(376 412 1348 1312)
4(447 1383 1384 448)
4(412 448 1384 1348)
4(483 1419 1420 484)
4(448 484 1420 1384)
4(519 1455 1456 520)
4(484 520 1456 1420)
4(555 1491 1492 556)
4(520 556 1492 1456)
4(591 1527 1528 592)
4(556 592 1528 1492)
4(627 1563 1564 628)
4(592 628 1564 1528)
4(663 1599 1600 664)
4(628 664 1600 1564)
4(699 1635 1636 700)
4(664 700 1636 1600)
4(735 1671 1672 736)
4(700 736 1672 1636)
4(771 1707 1708 772)
4(736 772 1708 1672)
4(807 1743 1744 808)
4(772 808 1744 1708)
4(843 1779 1780 844)
4(808 844 1780 1744)
4(844 880 1816 1780)
4(16 952 953 17)
4(17 953 1853 917)
4(52 988 989 53)
4(17 53 989 953)
4(88 1024 1025 89)
4(53 89 1025 989)
4(124 1060 1061 125)
4(89 125 1061 1025)
4(160 1096 1097 161)
4(125 161 1097 1061)
4(196 1132 1133 197)
4(161 197 1133 1097)
4(232 1168 1169 233)
4(197 233 1169 1133)
4(268 1204 1205 269)
4(233 269 1205 1169)
4(304 1240 1241 305)
4(269 305 1241 1205)
4(340 1276 1277 341)
4(305 341 1277 1241)
4(376 1312 1313 377)
4(341 377 1313 1277)
4(412 1348 1349 413)
4(377 413 1349 1313)
4(448 1384 1385 449)
4(413 449 1385 1349)
4(484 1420 1421 485)
4(449 485 1421 1385)
4(520 1456 1457 521)
4(485 521 1457 1421)
4(556 1492 1493 557)
4(521 557 1493 1457)
4(592 1528 1529 593)
4(557 593 1529 1493)
4(628 1564 1565 629)
4(593 629 1565 1529)
4(664 1600 1601 665)
4(629 665 1601 1565)
4(700 1636 1637 701)
4(665 701 1637 1601)
4(736 1672 1673 737)
4(701 737 1673 1637)
4(772 1708 1709 773)
4(737 773 1709 1673)
4(808 1744 1745 809)
4(773 809 1745 1709)
4(844 1780 1781 845)
4(809 845 1781 1745)
4(845 881 1817 1781)
4(17 953 954 18)
4(18 954 1854 918)
4(53 989 990 54)
4(18 54 990 954)
4(89 1025 1026 90)
4(54 90 1026 990)
4(125 1061 1062 126)
4(90 126 1062 1026)
4(161 1097 1098 162)
4(126 162 1098 1062)
4(197 1133 1134 198)
4(162 198 1134 1098)
4(233 1169 1170 234)
4(198 234 1170 1134)
4(269 1205 1206 270)
4(234 270 1206 1170)
4(305 1241 1242 306)
4(270 306 1242 1206)
4(341 1277 1278 342)
4(306 342 1278 1242)
4(377 1313 1314 378)
4(342 378 1314 1278)
4(413 1349 1350 414)
4(378 414 1350 1314)
4(449 1385 1386 450)
4(414 450 1386 1350)
4(485 1421 1422 486)
4(450 486 1422 1386)
4(521 1457 1458 522)
4(486 522 1458 1422)
4(557 1493 1494 558)
4(522 558 1494 1458)
4(593 1529 1530 594)
4(558 594 1530 1494)
4(629 1565 1566 630)
4(594 630 1566 1530)
4(665 1601 1602 666)
4(630 666 1602 1566)
4(701 1637 1638 702)
4(666 702 1638 1602)
4(737 1673 1674 738)
4(702 738 1674 1638)
4(773 1709 1710 774)
4(738 774 1710 1674)
4(809 1745 1746 810)
4(774 810 1746 1710)
4(845 1781 1782 846)
4(810 846 1782 1746)
4(846 882 1818 1782)
4(18 954 955 19)
4(19 955 1855 919)
4(54 990 991 55)
4(19 55 991 955)
4(90 1026 1027 91)
4(55 91 1027 991)
4(126 1062 1063 127)
4(91 127 1063 1027)
4(162 1098 1099 163)
4(127 163 1099 1063)
4(198 1134 1135 199)
4(163 199 1135 1099)
4(234 1170 1171 235)
4(199 235 1171 1135)
4(270 1206 1207 271)
4(235 271 1207 1171)
4(306 1242 1243 307)
4(271 307 1243 1207)
4(342 1278 1279 343)
4(307 343 1279 1243)
4(378 1314 1315 379)
4(343 379 1315 1279)
4(414 1350 1351 415)
4(379 415 1351 1315)
4(450 1386 1387 451)
4(415 451 1387 1351)
4(486 1422 1423 487)
4(451 487 1423 1387)
4(522 1458 1459 523)
4(487 523 1459 1423)
4(558 1494 1495 559)
4(523 559 1495 1459)
4(594 1530 1531 595)
4(559 595 1531 1495)
4(630 1566 1567 631)
4(595 631 1567 1531)
4(666 1602 1603 667)
4(631 667 1603 1567)
4(702 1638 1639 703)
4(667 703 1639 1603)
4(738 1674 1675 739)
4(703 739 1675 1639)
4(774 1710 1711 775)
4(739 775 1711 1675)
4(810 1746 1747 811)
4(775 811 1747 1711)
4(846 1782 1783 847)
4(811 847 1783 1747)
4(847 883 1819 1783)
4(19 955 956 20)
4(20 956 1856 920)
4(55 991 992 56)
4(20 56 992 956)
4(91 1027 1028 92)
4(56 92 1028 992)
4(127 1063 1064 128)
4(92 128 1064 1028)
4(163 1099 1100 164)
4(128 164 1100 1064)
4(199 1135 1136 200)
4(164 200 1136 1100)
4(235 1171 1172 236)
4(200 236 1172 1136)
4(271 1207 1208 272)
4(236 272 1208 1172)
4(307 1243 1244 308)
4(272 308 1244 1208)
4(343 1279 1280 344)
4(308 344 1280 1244)
4(379 1315 1316 380)
4(344 380 1316 1280)
4(415 1351 1352 416)
4(380 416 1352 1316)
4(451 1387 1388 452)
4(416 452 1388 1352)
4(487 1423 1424 488)
4(452 488 1424 1388)
4(523 1459 1460 524)
4(488 524 1460 1424)
4(559 1495 1496 560)
4(524 560 1496 1460)
4(595 1531 1532 596)
4(560 596 1532 1496)
4(631 1567 1568 632)
4(596 632 1568 1532)
4(667 1603 1604 668)
4(632 668 1604 1568)
4(703 1639 1640 704)
4(668 704 1640 1604)
4(739 1675 1676 740)
4(704 740 1676 1640)
4(775 1711 1712 776)
4(740 776 1712 1676)
4(811 1747 1748 812)
4(776 812 1748 1712)
4(847 1783 1784 848)
4(812 848 1784 1748)
4(848 884 1820 1784)
4(20 956 957 21)
4(21 957 1857 921)
4(56 992 993 57)
4(21 57 993 957)
4(92 1028 1029 93)
4(57 93 1029 993)
4(128 1064 1065 129)
4(93 129 1065 1029)
4(164 1100 1101 165)
4(129 165 1101 1065)
4(200 1136 1137 201)
4(165 201 1137 1101)
4(236 1172 1173 237)
4(201 237 1173 1137)
4(272 1208 1209 273)
4(237 273 1209 1173)
4(308 1244 1245 309)
4(273 309 1245 1209)
4(344 1280 1281 345)
4(309 345 1281 1245)
4(380 1316 1317 381)
4(345 381 1317 1281)
4(416 1352 1353 417)
4(381 417 1353 1317)
4(452 1388 1389 453)
4(417 453 1389 1353)
4(488 1424 1425 489)
4(453 489 1425 1389)
4(524 1460 1461 525)
4(489 525 1461 1425)
4(560 1496 1497 561)
4(525 561 1497 1461)
4(596 1532 1533 597)
4(561 597 1533 1497)
4(632 1568 1569 633)
4(597 633 1569 1533)
4(668 1604 1605 669)
4(633 669 1605 1569)
4(704 1640 1641 705)
4(669 705 1641 1605)
4(740 1676 1677 741)
4(705 741 1677 1641)
4(776 1712 1713 777)
4(741 777 1713 1677)
4(812 1748 1749 813)
4(777 813 1749 1713)
4(848 1784 1785 849)
4(813 849 1785 1749)
4(849 885 1821 1785)
4(21 957 958 22)
4(22 958 1858 922)
4(57 993 994 58)
4(22 58 994 958)
4(93 1029 1030 94)
4(58 94 1030 994)
4(129 1065 1066 130)
4(94 130 1066 1030)
4(165 1101 1102 166)
4(130 166 1102 1066)
4(201 1137 1138 202)
4(166 202 1138 1102)
4(237 1173 1174 238)
4(202 238 1174 1138)
4(273 1209 1210 274)
4(238 274 1210 1174)
4(309 1245 1246 310)
4(274 310 1246 1210)
4(345 1281 1282 346)
4(310 346 1282 1246)
4(381 1317 1318 382)
4(346 382 1318 1282)
4(417 1353 1354 418)
4(382 418 1354 1318)
4(453 1389 1390 454)
4(418 454 1390 1354)
4(489 1425 1426 490)
4(454 490 1426 1390)
4(525 1461 1462 526)
4(490 526 1462 1426)
4(561 1497 1498 562)
4(526 562 1498 1462)
4(597 1533 1534 598)
4(562 598 1534 1498)
4(633 1569 1570 634)
4(598 634 1570 1534)
4(669 1605 1606 670)
4(634 670 1606 1570)
4(705 1641 1642 706)
4(670 706 1642 1606)
4(741 1677 1678 742)
4(706 742 1678 1642)
4(777 1713 1714 778)
4(742 778 1714 1678)
4(813 1749 1750 814)
4(778 814 1750 1714)
4(849 1785 1786 850)
4(814 850 1786 1750)
4(850 886 1822 1786)
4(22 958 959 23)
4(23 959 1859 923)
4(58 994 995 59)
4(23 59 995 959)
4(94 1030 1031 95)
4(59 95 1031 995)
4(130 1066 1067 131)
4(95 131 1067 1031)
4(166 1102 1103 167)
4(131 167 1103 1067)
4(202 1138 1139 203)
4(167 203 1139 1103)
4(238 1174 1175 239)
4(203 239 1175 1139)
4(274 1210 1211 275)
4(239 275 1211 1175)
4(310 1246 1247 311)
4(275 311 1247 1211)
4(346 1282 1283 347)
4(311 347 1283 1247)
4(382 1318 1319 383)
4(347 383 1319 1283)
4(418 1354 1355 419)
4(383 419 1355 1319)
4(454 1390 1391 455)
4(419 455 1391 1355)
4(490 1426 1427 491)
4(455 491 1427 1391)
4(526 1462 1463 527)
4(491 527 1463 1427)
4(562 1498 1499 563)
4(527 563 1499 1463)
4(598 1534 1535 599)
4(563 599 1535 1499)
4(634 1570 1571 635)
4(599 635 1571 1535)
4(670 1606 1607 671)
4(635 671 1607 1571)
4(706 1642 1643 707)
4(671 707 1643 1607)
4(742 1678 1679 743)
4(707 743 1679 1643)
4(778 1714 1715 779)
4(743 779 1715 1679)
4(814 1750 1751 815)
4(779 815 1751 1715)
4(850 1786 1787 851)
4(815 851 1787 1751)
4(851 887 1823 1787)
4(23 959 960 24)
4(24 960 1860 924)
4(59 995 996 60)
4(24 60 996 960)
4(95 1031 1032 96)
4(60 96 1032 996)
4(131 1067 1068 132)
4(96 132 1068 1032)
4(167 1103 1104 168)
4(132 168 1104 1068)
4(203 1139 1140 204)
4(168 204 1140 1104)
4(239 1175 1176 240)
4(204 240 1176 1140)
4(275 1211 1212 276)
4(240 276 1212 1176)
4(311 1247 1248 312)
4(276 312 1248 1212)
4(347 1283 1284 348)
4(312 348 1284 1248)
4(383 1319 1320 384)
4(348 384 1320 1284)
4(419 1355 1356 420)
4(384 420 1356 1320)
4(455 1391 1392 456)
4(420 456 1392 1356)
4(491 1427 1428 492)
4(456 492 1428 1392)
4(527 1463 1464 528)
4(492 528 1464 1428)
4(563 1499 1500 564)
4(528 564 1500 1464)
4(599 1535 1536 600)
4(564 600 1536 1500)
4(635 1571 1572 636)
4(600 636 1572 1536)
4(671 1607 1608 672)
4(636 672 1608 1572)
4(707 1643 1644 708)
4(672 708 1644 1608)
4(743 1679 1680 744)
4(708 744 1680 1644)
4(779 1715 1716 780)
4(744 780 1716 1680)
4(815 1751 1752 816)
4(780 816 1752 1716)
4(851 1787 1788 852)
4(816 852 1788 1752)
4(852 888 1824 1788)
4(24 960 961 25)
4(25 961 1861 925)
4(60 996 997 61)
4(25 61 997 961)
4(96 1032 1033 97)
4(61 97 1033 997)
4(132 1068 1069 133)
4(97 133 1069 1033)
4(168 1104 1105 169)
4(133 169 1105 1069)
4(204 1140 1141 205)
4(169 205 1141 1105)
4(240 1176 1177 241)
4(205 241 1177 1141)
4(276 1212 1213 277)
4(241 277 1213 1177)
4(312 1248 1249 313)
4(277 313 1249 1213)
4(348 1284 1285 349)
4(313 349 1285 1249)
4(384 1320 1321 385)
4(349 385 1321 1285)
4(420 1356 1357 421)
4(385 421 1357 1321)
4(456 1392 1393 457)
4(421 457 1393 1357)
4(492 1428 1429 493)
4(457 493 1429 1393)
4(528 1464 1465 529)
4(493 529 1465 1429)
4(564 1500 1501 565)
4(529 565 1501 1465)
4(600 1536 1537 601)
4(565 601 1537 1501)
4(636 1572 1573 637)
4(601 637 1573 1537)
4(672 1608 1609 673)
4(637 673 1609 1573)
4(708 1644 1645 709)
4(673 709 1645 1609)
4(744 1680 1681 745)
4(709 745 1681 1645)
4(780 1716 1717 781)
4(745 781 1717 1681)
4(816 1752 1753 817)
4(781 817 1753 1717)
4(852 1788 1789 853)
4(817 853 1789 1753)
4(853 889 1825 1789)
4(25 961 962 26)
4(26 962 1862 926)
4(61 997 998 62)
4(26 62 998 962)
4(97 1033 1034 98)
4(62 98 1034 998)
4(133 1069 1070 134)
4(98 134 1070 1034)
4(169 1105 1106 170)
4(134 170 1106 1070)
4(205 1141 1142 206)
4(170 206 1142 1106)
4(241 1177 1178 242)
4(206 242 1178 1142)
4(277 1213 1214 278)
4(242 278 1214 1178)
4(313 1249 1250 314)
4(278 314 1250 1214)
4(349 1285 1286 350)
4(314 350 1286 1250)
4(385 1321 1322 386)
4(350 386 1322 1286)
4(421 1357 1358 422)
4(386 422 1358 1322)
4(457 1393 1394 458)
4(422 458 1394 1358)
4(493 1429 1430 494)
4(458 494 1430 1394)
4(529 1465 1466 530)
4(494 530 1466 1430)
4(565 1501 1502 566)
4(530 566 1502 1466)
4(601 1537 1538 602)
4(566 602 1538 1502)
4(637 1573 1574 638)
4(602 638 1574 1538)
4(673 1609 1610 674)
4(638 674 1610 1574)
4(709 1645 1646 710)
4(674 710 1646 1610)
4(745 1681 1682 746)
4(710 746 1682 1646)
4(781 1717 1718 782)
4(746 782 1718 1682)
4(817 1753 1754 818)
4(782 818 1754 1718)
4(853 1789 1790 854)
4(818 854 1790 1754)
4(854 890 1826 1790)
4(26 962 963 27)
4(27 963 1863 927)
4(62 998 999 63)
4(27 63 999 963)
4(98 1034 1035 99)
4(63 99 1035 999)
4(134 1070 1071 135)
4(99 135 1071 1035)
4(170 1106 1107 171)
4(135 171 1107 1071)
4(206 1142 1143 207)
4(171 207 1143 1107)
4(242 1178 1179 243)
4(207 243 1179 1143)
4(278 1214 1215 279)
4(243 279 1215 1179)
4(314 1250 1251 315)
4(279 315 1251 1215)
4(350 1286 1287 351)
4(315 351 1287 1251)
4(386 1322 1323 387)
4(351 387 1323 1287)
4(422 1358 1359 423)
4(387 423 1359 1323)
4(458 1394 1395 459)
4(423 459 1395 1359)
4(494 1430 1431 495)
4(459 495 1431 1395)
4(530 1466 1467 531)
4(495 531 1467 1431)
4(566 1502 1503 567)
4(531 567 1503 1467)
4(602 1538 1539 603)
4(567 603 1539 1503)
4(638 1574 1575 639)
4(603 639 1575 1539)
4(674 1610 1611 675)
4(639 675 1611 1575)
4(710 1646 1647 711)
4(675 711 1647 1611)
4(746 1682 1683 747)
4(711 747 1683 1647)
4(782 1718 1719 783)
4(747 783 1719 1683)
4(818 1754 1755 819)
4(783 819 1755 1719)
4(854 1790 1791 855)
4(819 855 1791 1755)
4(855 891 1827 1791)
4(27 963 964 28)
4(28 964 1864 928)
4(63 999 1000 64)
4(28 64 1000 964)
4(99 1035 1036 100)
4(64 100 1036 1000)
4(135 1071 1072 136)
4(100 136 1072 1036)
4(171 1107 1108 172)
4(136 172 1108 1072)
4(207 1143 1144 208)
4(172 208 1144 1108)
4(243 1179 1180 244)
4(208 244 1180 1144)
4(279 1215 1216 280)
4(244 280 1216 1180)
4(315 1251 1252 316)
4(280 316 1252 1216)
4(351 1287 1288 352)
4(316 352 1288 1252)
4(387 1323 1324 388)
4(352 388 1324 1288)
4(423 1359 1360 424)
4(388 424 1360 1324)
4(459 1395 1396 460)
4(424 460 1396 1360)
4(495 1431 1432 496)
4(460 496 1432 1396)
4(531 1467 1468 532)
4(496 532 1468 1432)
4(567 1503 1504 568)
4(532 568 1504 1468)
4(603 1539 1540 604)
4(568 604 1540 1504)
4(639 1575 1576 640)
4(604 640 1576 1540)
4(675 1611 1612 676)
4(640 676 1612 1576)
4(711 1647 1648 712)
4(676 712 1648 1612)
4(747 1683 1684 748)
4(712 748 1684 1648)
4(783 1719 1720 784)
4(748 784 1720 1684)
4(819 1755 1756 820)
4(784 820 1756 1720)
4(855 1791 1792 856)
4(820 856 1792 1756)
4(856 892 1828 1792)
4(28 964 965 29)
4(29 965 1865 929)
4(64 1000 1001 65)
4(29 65 1001 965)
4(100 1036 1037 101)
4(65 101 1037 1001)
4(136 1072 1073 137)
4(101 137 1073 1037)
4(172 1108 1109 173)
4(137 173 1109 1073)
4(208 1144 1145 209)
4(173 209 1145 1109)
4(244 1180 1181 245)
4(209 245 1181 1145)
4(280 1216 1217 281)
4(245 281 1217 1181)
4(316 1252 1253 317)
4(281 317 1253 1217)
4(352 1288 1289 353)
4(317 353 1289 1253)
4(388 1324 1325 389)
4(353 389 1325 1289)
4(424 1360 1361 425)
4(389 425 1361 1325)
4(460 1396 1397 461)
4(425 461 1397 1361)
4(496 1432 1433 497)
4(461 497 1433 1397)
4(532 1468 1469 533)
4(497 533 1469 1433)
4(568 1504 1505 569)
4(533 569 1505 1469)
4(604 1540 1541 605)
4(569 605 1541 1505)
4(640 1576 1577 641)
4(605 641 1577 1541)
4(676 1612 1613 677)
4(641 677 1613 1577)
4(712 1648 1649 713)
4(677 713 1649 1613)
4(748 1684 1685 749)
4(713 749 1685 1649)
4(784 1720 1721 785)
4(749 785 1721 1685)
4(820 1756 1757 821)
4(785 821 1757 1721)
4(856 1792 1793 857)
4(821 857 1793 1757)
4(857 893 1829 1793)
4(29 965 966 30)
4(30 966 1866 930)
4(65 1001 1002 66)
4(30 66 1002 966)
4(101 1037 1038 102)
4(66 102 1038 1002)
4(137 1073 1074 138)
4(102 138 1074 1038)
4(173 1109 1110 174)
4(138 174 1110 1074)
4(209 1145 1146 210)
4(174 210 1146 1110)
4(245 1181 1182 246)
4(210 246 1182 1146)
4(281 1217 1218 282)
4(246 282 1218 1182)
4(317 1253 1254 318)
4(282 318 1254 1218)
4(353 1289 1290 354)
4(318 354 1290 1254)
4(389 1325 1326 390)
4(354 390 1326 1290)
4(425 1361 1362 426)
4(390 426 1362 1326)
4(461 1397 1398 462)
4(426 462 1398 1362)
4(497 1433 1434 498)
4(462 498 1434 1398)
4(533 1469 1470 534)
4(498 534 1470 1434)
4(569 1505 1506 570)
4(534 570 1506 1470)
4(605 1541 1542 606)
4(570 606 1542 1506)
4(641 1577 1578 642)
4(606 642 1578 1542)
4(677 1613 1614 678)
4(642 678 1614 1578)
4(713 1649 1650 714)
4(678 714 1650 1614)
4(749 1685 1686 750)
4(714 750 1686 1650)
4(785 1721 1722 786)
4(750 786 1722 1686)
4(821 1757 1758 822)
4(786 822 1758 1722)
4(857 1793 1794 858)
4(822 858 1794 1758)
4(858 894 1830 1794)
4(30 966 967 31)
4(31 967 1867 931)
4(66 1002 1003 67)
4(31 67 1003 967)
4(102 1038 1039 103)
4(67 103 1039 1003)
4(138 1074 1075 139)
4(103 139 1075 1039)
4(174 1110 1111 175)
4(139 175 1111 1075)
4(210 1146 1147 211)
4(175 211 1147 1111)
4(246 1182 1183 247)
4(211 247 1183 1147)
4(282 1218 1219 283)
4(247 283 1219 1183)
4(318 1254 1255 319)
4(283 319 1255 1219)
4(354 1290 1291 355)
4(319 355 1291 1255)
4(390 1326 1327 391)
4(355 391 1327 1291)
4(426 1362 1363 427)
4(391 427 1363 1327)
4(462 1398 1399 463)
4(427 463 1399 1363)
4(498 1434 1435 499)
4(463 499 1435 1399)
4(534 1470 1471 535)
4(499 535 1471 1435)
4(570 1506 1507 571)
4(535 571 1507 1471)
4(606 1542 1543 607)
4(571 607 1543 1507)
4(642 1578 1579 643)
4(607 643 1579 1543)
4(678 1614 1615 679)
4(643 679 1615 1579)
4(714 1650 1651 715)
4(679 715 1651 1615)
4(750 1686 1687 751)
4(715 751 1687 1651)
4(786 1722 1723 787)
4(751 787 1723 1687)
4(822 1758 1759 823)
4(787 823 1759 1723)
4(858 1794 1795 859)
4(823 859 1795 1759)
4(859 895 1831 1795)
4(31 967 968 32)
4(32 968 1868 932)
4(67 1003 1004 68)
4(32 68 1004 968)
4(103 1039 1040 104)
4(68 104 1040 1004)
4(139 1075 1076 140)
4(104 140 1076 1040)
4(175 1111 1112 176)
4(140 176 1112 1076)
4(211 1147 1148 212)
4(176 212 1148 1112)
4(247 1183 1184 248)
4(212 248 1184 1148)
4(283 1219 1220 284)
4(248 284 1220 1184)
4(319 1255 1256 320)
4(284 320 1256 1220)
4(355 1291 1292 356)
4(320 356 1292 1256)
4(391 1327 1328 392)
4(356 392 1328 1292)
4(427 1363 1364 428)
4(392 428 1364 1328)
4(463 1399 1400 464)
4(428 464 1400 1364)
4(499 1435 1436 500)
4(464 500 1436 1400)
4(535 1471 1472 536)
4(500 536 1472 1436)
4(571 1507 1508 572)
4(536 572 1508 1472)
4(607 1543 1544 608)
4(572 608 1544 1508)
4(643 1579 1580 644)
4(608 644 1580 1544)
4(679 1615 1616 680)
4(644 680 1616 1580)
4(715 1651 1652 716)
4(680 716 1652 1616)
4(751 1687 1688 752)
4(716 752 1688 1652)
4(787 1723 1724 788)
4(752 788 1724 1688)
4(823 1759 1760 824)
4(788 824 1760 1724)
4(859 1795 1796 860)
4(824 860 1796 1760)
4(860 896 1832 1796)
4(32 968 969 33)
4(33 969 1869 933)
4(68 1004 1005 69)
4(33 69 1005 969)
4(104 1040 1041 105)
4(69 105 1041 1005)
4(140 1076 1077 141)
4(105 141 1077 1041)
4(176 1112 1113 177)
4(141 177 1113 1077)
4(212 1148 1149 213)
4(177 213 1149 1113)
4(248 1184 1185 249)
4(213 249 1185 1149)
4(284 1220 1221 285)
4(249 285 1221 1185)
4(320 1256 1257 321)
4(285 321 1257 1221)
4(356 1292 1293 357)
4(321 357 1293 1257)
4(392 1328 1329 393)
4(357 393 1329 1293)
4(428 1364 1365 429)
4(393 429 1365 1329)
4(464 1400 1401 465)
4(429 465 1401 1365)
4(500 1436 1437 501)
4(465 501 1437 1401)
4(536 1472 1473 537)
4(501 537 1473 1437)
4(572 1508 1509 573)
4(537 573 1509 1473)
4(608 1544 1545 609)
4(573 609 1545 1509)
4(644 1580 1581 645)
4(609 645 1581 1545)
4(680 1616 1617 681)
4(645 681 1617 1581)
4(716 1652 1653 717)
4(681 717 1653 1617)
4(752 1688 1689 753)
4(717 753 1689 1653)
4(788 1724 1725 789)
4(753 789 1725 1689)
4(824 1760 1761 825)
4(789 825 1761 1725)
4(860 1796 1797 861)
4(825 861 1797 1761)
4(861 897 1833 1797)
4(33 969 970 34)
4(34 970 1870 934)
4(69 1005 1006 70)
4(34 70 1006 970)
4(105 1041 1042 106)
4(70 106 1042 1006)
4(141 1077 1078 142)
4(106 142 1078 1042)
4(177 1113 1114 178)
4(142 178 1114 1078)
4(213 1149 1150 214)
4(178 214 1150 1114)
4(249 1185 1186 250)
4(214 250 1186 1150)
4(285 1221 1222 286)
4(250 286 1222 1186)
4(321 1257 1258 322)
4(286 322 1258 1222)
4(357 1293 1294 358)
4(322 358 1294 1258)
4(393 1329 1330 394)
4(358 394 1330 1294)
4(429 1365 1366 430)
4(394 430 1366 1330)
4(465 1401 1402 466)
4(430 466 1402 1366)
4(501 1437 1438 502)
4(466 502 1438 1402)
4(537 1473 1474 538)
4(502 538 1474 1438)
4(573 1509 1510 574)
4(538 574 1510 1474)
4(609 1545 1546 610)
4(574 610 1546 1510)
4(645 1581 1582 646)
4(610 646 1582 1546)
4(681 1617 1618 682)
4(646 682 1618 1582)
4(717 1653 1654 718)
4(682 718 1654 1618)
4(753 1689 1690 754)
4(718 754 1690 1654)
4(789 1725 1726 790)
4(754 790 1726 1690)
4(825 1761 1762 826)
4(790 826 1762 1726)
4(861 1797 1798 862)
4(826 862 1798 1762)
4(862 898 1834 1798)
4(34 970 971 35)
4(35 971 1871 935)
4(70 1006 1007 71)
4(35 71 1007 971)
4(106 1042 1043 107)
4(71 107 1043 1007)
4(142 1078 1079 143)
4(107 143 1079 1043)
4(178 1114 1115 179)
4(143 179 1115 1079)
4(214 1150 1151 215)
4(179 215 1151 1115)
4(250 1186 1187 251)
4(215 251 1187 1151)
4(286 1222 1223 287)
4(251 287 1223 1187)
4(322 1258 1259 323)
4(287 323 1259 1223)
4(358 1294 1295 359)
4(323 359 1295 1259)
4(394 1330 1331 395)
4(359 395 1331 1295)
4(430 1366 1367 431)
4(395 431 1367 1331)
4(466 1402 1403 467)
4(431 467 1403 1367)
4(502 1438 1439 503)
4(467 503 1439 1403)
4(538 1474 1475 539)
4(503 539 1475 1439)
4(574 1510 1511 575)
4(539 575 1511 1475)
4(610 1546 1547 611)
4(575 611 1547 1511)
4(646 1582 1583 647)
4(611 647 1583 1547)
4(682 1618 1619 683)
4(647 683 1619 1583)
4(718 1654 1655 719)
4(683 719 1655 1619)
4(754 1690 1691 755)
4(719 755 1691 1655)
4(790 1726 1727 791)
4(755 791 1727 1691)
4(826 1762 1763 827)
4(791 827 1763 1727)
4(862 1798 1799 863)
4(827 863 1799 1763)
4(863 899 1835 1799)
3(35 971 1896)
3(71 1007 1897)
3(107 1043 1898)
3(143 1079 1899)
3(179 1115 1900)
3(215 1151 1901)
3(251 1187 1902)
3(287 1223 1903)
3(323 1259 1904)
3(359 1295 1905)
3(395 1331 1906)
3(431 1367 1907)
3(467 1403 1908)
3(503 1439 1909)
3(539 1475 1910)
3(575 1511 1911)
3(611 1547 1912)
3(647 1583 1913)
3(683 1619 1914)
3(719 1655 1915)
3(755 1691 1916)
3(791 1727 1917)
3(827 1763 1918)
3(863 1799 1919)
3(900 1836 1922)
4(900 901 1837 1836)
4(901 902 1838 1837)
4(902 903 1839 1838)
4(903 904 1840 1839)
4(904 905 1841 1840)
4(905 906 1842 1841)
4(906 907 1843 1842)
4(907 908 1844 1843)
4(908 909 1845 1844)
4(909 910 1846 1845)
4(910 911 1847 1846)
4(911 912 1848 1847)
4(912 913 1849 1848)
4(913 914 1850 1849)
4(914 915 1851 1850)
4(915 916 1852 1851)
4(916 917 1853 1852)
4(917 918 1854 1853)
4(918 919 1855 1854)
4(919 920 1856 1855)
4(920 921 1857 1856)
4(921 922 1858 1857)
4(922 923 1859 1858)
4(923 924 1860 1859)
4(924 925 1861 1860)
4(925 926 1862 1861)
4(926 927 1863 1862)
4(927 928 1864 1863)
4(928 929 1865 1864)
4(929 930 1866 1865)
4(930 931 1867 1866)
4(931 932 1868 1867)
4(932 933 1869 1868)
4(933 934 1870 1869)
4(934 935 1871 1870)
3(935 1920 1871)
3(1923 1800 864)
4(864 1800 1801 865)
4(865 1801 1802 866)
4(866 1802 1803 867)
4(867 1803 1804 868)
4(868 1804 1805 869)
4(869 1805 1806 870)
4(870 1806 1807 871)
4(871 1807 1808 872)
4(872 1808 1809 873)
4(873 1809 1810 874)
4(874 1810 1811 875)
4(875 1811 1812 876)
4(876 1812 1813 877)
4(877 1813 1814 878)
4(878 1814 1815 879)
4(879 1815 1816 880)
4(880 1816 1817 881)
4(881 1817 1818 882)
4(882 1818 1819 883)
4(883 1819 1820 884)
4(884 1820 1821 885)
4(885 1821 1822 886)
4(886 1822 1823 887)
4(887 1823 1824 888)
4(888 1824 1825 889)
4(889 1825 1826 890)
4(890 1826 1827 891)
4(891 1827 1828 892)
4(892 1828 1829 893)
4(893 1829 1830 894)
4(894 1830 1831 895)
4(895 1831 1832 896)
4(896 1832 1833 897)
4(897 1833 1834 898)
4(898 1834 1835 899)
3(899 1835 1921)
4(0 900 1922 1872)
4(1872 1873 36 0)
4(1873 1874 72 36)
4(1874 1875 108 72)
4(1875 1876 144 108)
4(1876 1877 180 144)
4(1877 1878 216 180)
4(1878 1879 252 216)
4(1879 1880 288 252)
4(1880 1881 324 288)
4(1881 1882 360 324)
4(1882 1883 396 360)
4(1883 1884 432 396)
4(1884 1885 468 432)
4(1885 1886 504 468)
4(1886 1887 540 504)
4(1887 1888 576 540)
4(1888 1889 612 576)
4(1889 1890 648 612)
4(1890 1891 684 648)
4(1891 1892 720 684)
4(1892 1893 756 720)
4(1893 1894 792 756)
4(1894 1895 828 792)
4(1895 1923 864 828)
4(0 1 901 900)
4(0 36 37 1)
4(36 72 73 37)
4(72 108 109 73)
4(108 144 145 109)
4(144 180 181 145)
4(180 216 217 181)
4(216 252 253 217)
4(252 288 289 253)
4(288 324 325 289)
4(324 360 361 325)
4(360 396 397 361)
4(396 432 433 397)
4(432 468 469 433)
4(468 504 505 469)
4(504 540 541 505)
4(540 576 577 541)
4(576 612 613 577)
4(612 648 649 613)
4(648 684 685 649)
4(684 720 721 685)
4(720 756 757 721)
4(756 792 793 757)
4(792 828 829 793)
4(828 864 865 829)
4(1 2 902 901)
4(1 37 38 2)
4(37 73 74 38)
4(73 109 110 74)
4(109 145 146 110)
4(145 181 182 146)
4(181 217 218 182)
4(217 253 254 218)
4(253 289 290 254)
4(289 325 326 290)
4(325 361 362 326)
4(361 397 398 362)
4(397 433 434 398)
4(433 469 470 434)
4(469 505 506 470)
4(505 541 542 506)
4(541 577 578 542)
4(577 613 614 578)
4(613 649 650 614)
4(649 685 686 650)
4(685 721 722 686)
4(721 757 758 722)
4(757 793 794 758)
4(793 829 830 794)
4(829 865 866 830)
4(2 3 903 902)
4(2 38 39 3)
4(38 74 75 39)
4(74 110 111 75)
4(110 146 147 111)
4(146 182 183 147)
4(182 218 219 183)
4(218 254 255 219)
4(254 290 291 255)
4(290 326 327 291)
4(326 362 363 327)
4(362 398 399 363)
4(398 434 435 399)
4(434 470 471 435)
4(470 506 507 471)
4(506 542 543 507)
4(542 578 579 543)
4(578 614 615 579)
4(614 650 651 615)
4(650 686 687 651)
4(686 722 723 687)
4(722 758 759 723)
4(758 794 795 759)
4(794 830 831 795)
4(830 866 867 831)
4(3 4 904 903)
4(3 39 40 4)
4(39 75 76 40)
4(75 111 112 76)
4(111 147 148 112)
4(147 183 184 148)
4(183 219 220 184)
4(219 255 256 220)
4(255 291 292 256)
4(291 327 328 292)
4(327 363 364 328)
4(363 399 400 364)
4(399 435 436 400)
4(435 471 472 436)
4(471 507 508 472)
4(507 543 544 508)
4(543 579 580 544)
4(579 615 616 580)
4(615 651 652 616)
4(651 687 688 652)
4(687 723 724 688)
4(723 759 760 724)
4(759 795 796 760)
4(795 831 832 796)
4(831 867 868 832)
4(4 5 905 904)
4(4 40 41 5)
4(40 76 77 41)
4(76 112 113 77)
4(112 148 149 113)
4(148 184 185 149)
4(184 220 221 185)
4(220 256 257 221)
4(256 292 293 257)
4(292 328 329 293)
4(328 364 365 329)
4(364 400 401 365)
4(400 436 437 401)
4(436 472 473 437)
4(472 508 509 473)
4(508 544 545 509)
4(544 580 581 545)
4(580 616 617 581)
4(616 652 653 617)
4(652 688 689 653)
4(688 724 725 689)
4(724 760 761 725)
4(760 796 797 761)
4(796 832 833 797)
4(832 868 869 833)
4(5 6 906 905)
4(5 41 42 6)
4(41 77 78 42)
4(77 113 114 78)
4(113 149 150 114)
4(149 185 186 150)
4(185 221 222 186)
4(221 257 258 222)
4(257 293 294 258)
4(293 329 330 294)
4(329 365 366 330)
4(365 401 402 366)
4(401 437 438 402)
4(437 473 474 438)
4(473 509 510 474)
4(509 545 546 510)
4(545 581 582 546)
4(581 617 618 582)
4(617 653 654 618)
4(653 689 690 654)
4(689 725 726 690)
4(725 761 762 726)
4(761 797 798 762)
4(797 833 834 798)
4(833 869 870 834)
4(6 7 907 906)
4(6 42 43 7)
4(42 78 79 43)
4(78 114 115 79)
4(114 150 151 115)
4(150 186 187 151)
4(186 222 223 187)
4(222 258 259 223)
4(258 294 295 259)
4(294 330 331 295)
4(330 366 367 331)
4(366 402 403 367)
4(402 438 439 403)
4(438 474 475 439)
4(474 510 511 475)
4(510 546 547 511)
4(546 582 583 547)
4(582 618 619 583)
4(618 654 655 619)
4(654 690 691 655)
4(690 726 727 691)
4(726 762 763 727)
4(762 798 799 763)
4(798 834 835 799)
4(834 870 871 835)
4(7 8 908 907)
4(7 43 44 8)
4(43 79 80 44)
4(79 115 116 80)
4(115 151 152 116)
4(151 187 188 152)
4(187 223 224 188)
4(223 259 260 224)
4(259 295 296 260)
4(295 331 332 296)
4(331 367 368 332)
4(367 403 404 368)
4(403 439 440 404)
4(439 475 476 440)
4(475 511 512 476)
4(511 547 548 512)
4(547 583 584 548)
4(583 619 620 584)
4(619 655 656 620)
4(655 691 692 656)
4(691 727 728 692)
4(727 763 764 728)
4(763 799 800 764)
4(799 835 836 800)
4(835 871 872 836)
4(8 9 909 908)
4(8 44 45 9)
4(44 80 81 45)
4(80 116 117 81)
4(116 152 153 117)
4(152 188 189 153)
4(188 224 225 189)
4(224 260 261 225)
4(260 296 297 261)
4(296 332 333 297)
4(332 368 369 333)
4(368 404 405 369)
4(404 440 441 405)
4(440 476 477 441)
4(476 512 513 477)
4(512 548 549 513)
4(548 584 585 549)
4(584 620 621 585)
4(620 656 657 621)
4(656 692 693 657)
4(692 728 729 693)
4(728 764 765 729)
4(764 800 801 765)
4(800 836 837 801)
4(836 872 873 837)
4(9 10 910 909)
4(9 45 46 10)
4(45 81 82 46)
4(81 117 118 82)
4(117 153 154 118)
4(153 189 190 154)
4(189 225 226 190)
4(225 261 262 226)
4(261 297 298 262)
4(297 333 334 298)
4(333 369 370 334)
4(369 405 406 370)
4(405 441 442 406)
4(441 477 478 442)
4(477 513 514 478)
4(513 549 550 514)
4(549 585 586 550)
4(585 621 622 586)
4(621 657 658 622)
4(657 693 694 658)
4(693 729 730 694)
4(729 765 766 730)
4(765 801 802 766)
4(801 837 838 802)
4(837 873 874 838)
4(10 11 911 910)
4(10 46 47 11)
4(46 82 83 47)
4(82 118 119 83)
4(118 154 155 119)
4(154 190 191 155)
4(190 226 227 191)
4(226 262 263 227)
4(262 298 299 263)
4(298 334 335 299)
4(334 370 371 335)
4(370 406 407 371)
4(406 442 443 407)
4(442 478 479 443)
4(478 514 515 479)
4(514 550 551 515)
4(550 586 587 551)
4(586 622 623 587)
4(622 658 659 623)
4(658 694 695 659)
4(694 730 731 695)
4(730 766 767 731)
4(766 802 803 767)
4(802 838 839 803)
4(838 874 875 839)
4(11 12 912 911)
4(11 47 48 12)
4(47 83 84 48)
4(83 119 120 84)
4(119 155 156 120)
4(155 191 192 156)
4(191 227 228 192)
4(227 263 264 228)
4(263 299 300 264)
4(299 335 336 300)
4(335 371 372 336)
4(371 407 408 372)
4(407 443 444 408)
4(443 479 480 444)
4(479 515 516 480)
4(515 551 552 516)
4(551 587 588 552)
4(587 623 624 588)
4(623 659 660 624)
4(659 695 696 660)
4(695 731 732 696)
4(731 767 768 732)
4(767 803 804 768)
4(803 839 840 804)
4(839 875 876 840)
4(12 13 913 912)
4(12 48 49 13)
4(48 84 85 49)
4(84 120 121 85)
4(120 156 157 121)
4(156 192 193 157)
4(192 228 229 193)
4(228 264 265 229)
4(264 300 301 265)
4(300 336 337 301)
4(336 372 373 337)
4(372 408 409 373)
4(408 444 445 409)
4(444 480 481 445)
4(480 516 517 481)
4(516 552 553 517)
4(552 588 589 553)
4(588 624 625 589)
4(624 660 661 625)
4(660 696 697 661)
4(696 732 733 697)
4(732 768 769 733)
4(768 804 805 769)
4(804 840 841 805)
4(840 876 877 841)
4(13 14 914 913)
4(13 49 50 14)
4(49 85 86 50)
4(85 121 122 86)
4(121 157 158 122)
4(157 193 194 158)
4(193 229 230 194)
4(229 265 266 230)
4(265 301 302 266)
4(301 337 338 302)
4(337 373 374 338)
4(373 409 410 374)
4(409 445 446 410)
4(445 481 482 446)
4(481 517 518 482)
4(517 553 554 518)
4(553 589 590 554)
4(589 625 626 590)
4(625 661 662 626)
4(661 697 698 662)
4(697 733 734 698)
4(733 769 770 734)
4(769 805 806 770)
4(805 841 842 806)
4(841 877 878 842)
4(14 15 915 914)
4(14 50 51 15)
4(50 86 87 51)
4(86 122 123 87)
4(122 158 159 123)
4(158 194 195 159)
4(194 230 231 195)
4(230 266 267 231)
4(266 302 303 267)
4(302 338 339 303)
4(338 374 375 339)
4(374 410 411 375)
4(410 446 447 411)
4(446 482 483 447)
4(482 518 519 483)
4(518 554 555 519)
4(554 590 591 555)
4(590 626 627 591)
4(626 662 663 627)
4(662 698 699 663)
4(698 734 735 699)
4(734 770 771 735)
4(770 806 807 771)
4(806 842 843 807)
4(842 878 879 843)
4(15 16 916 915)
4(15 51 52 16)
4(51 87 88 52)
4(87 123 124 88)
4(123 159 160 124)
4(159 195 196 160)
4(195 231 232 196)
4(231 267 268 232)
4(267 303 304 268)
4(303 339 340 304)
4(339 375 376 340)
4(375 411 412 376)
4(411 447 448 412)
4(447 483 484 448)
4(483 519 520 484)
4(519 555 556 520)
4(555 591 592 556)
4(591 627 628 592)
4(627 663 664 628)
4(663 699 700 664)
4(699 735 736 700)
4(735 771 772 736)
4(771 807 808 772)
4(807 843 844 808)
4(843 879 880 844)
4(16 17 917 916)
4(16 52 53 17)
4(52 88 89 53)
4(88 124 125 89)
4(124 160 161 125)
4(160 196 197 161)
4(196 232 233 197)
4(232 268 269 233)
4(268 304 305 269)
4(304 340 341 305)
4(340 376 377 341)
4(376 412 413 377)
4(412 448 449 413)
4(448 484 485 449)
4(484 520 521 485)
4(520 556 557 521)
4(556 592 593 557)
4(592 628 629 593)
4(628 664 665 629)
4(664 700 701 665)
4(700 736 737 701)
4(736 772 773 737)
4(772 808 809 773)
4(808 844 845 809)
4(844 880 881 845)
4(17 18 918 917)
4(17 53 54 18)
4(53 89 90 54)
4(89 125 126 90)
4(125 161 162 126)
4(161 197 198 162)
4(197 233 234 198)
4(233 269 270 234)
4(269 305 306 270)
4(305 341 342 306)
4(341 377 378 342)
4(377 413 414 378)
4(413 449 450 414)
4(449 485 486 450)
4(485 521 522 486)
4(521 557 558 522)
4(557 593 594 558)
4(593 629 630 594)
4(629 665 666 630)
4(665 701 702 666)
4(701 737 738 702)
4(737 773 774 738)
4(773 809 810 774)
4(809 845 846 810)
4(845 881 882 846)
4(18 19 919 918)
4(18 54 55 19)
4(54 90 91 55)
4(90 126 127 91)
4(126 162 163 127)
4(162 198 199 163)
4(198 234 235 199)
4(234 270 271 235)
4(270 306 307 271)
4(306 342 343 307)
4(342 378 379 343)
4(378 414 415 379)
4(414 450 451 415)
4(450 486 487 451)
4(486 522 523 487)
4(522 558 559 523)
4(558 594 595 559)
4(594 630 631 595)
4(630 666 667 631)
4(666 702 703 667)
4(702 738 739 703)
4(738 774 775 739)
4(774 810 811 775)
4(810 846 847 811)
4(846 882 883 847)
4(19 20 920 919)
4(19 55 56 20)
4(55 91 92 56)
4(91 127 128 92)
4(127 163 164 128)
4(163 199 200 164)
4(199 235 236 200)
4(235 271 272 236)
4(271 307 308 272)
4(307 343 344 308)
4(343 379 380 344)
4(379 415 416 380)
4(415 451 452 416)
4(451 487 488 452)
4(487 523 524 488)
4(523 559 560 524)
4(559 595 596 560)
4(595 631 632 596)
4(631 667 668 632)
4(667 703 704 668)
4(703 739 740 704)
4(739 775 776 740)
4(775 811 812 776)
4(811 847 848 812)
4(847 883 884 848)
4(20 21 921 920)
4(20 56 57 21)
4(56 92 93 57)
4(92 128 129 93)
4(128 164 165 129)
4(164 200 201 165)
4(200 236 237 201)
4(236 272 273 237)
4(272 308 309 273)
4(308 344 345 309)
4(344 380 381 345)
4(380 416 417 381)
4(416 452 453 417)
4(452 488 489 453)
4(488 524 525 489)
4(524 560 561 525)
4(560 596 597 561)
4(596 632 633 597)
4(632 668 669 633)
4(668 704 705 669)
4(704 740 741 705)
4(740 776 777 741)
4(776 812 813 777)
4(812 848 849 813)
4(848 884 885 849)
4(21 22 922 921)
4(21 57 58 22)
4(57 93 94 58)
4(93 129 130 94)
4(129 165 166 130)
4(165 201 202 166)
4(201 237 238 202)
4(237 273 274 238)
4(273 309 310 274)
4(309 345 346 310)
4(345 381 382 346)
4(381 417 418 382)
4(417 453 454 418)
4(453 489 490 454)
4(489 525 526 490)
4(525 561 562 526)
4(561 597 598 562)
4(597 633 634 598)
4(633 669 670 634)
4(669 705 706 670)
4(705 741 742 706)
4(741 777 778 742)
4(777 813 814 778)
4(813 849 850 814)
4(849 885 886 850)
4(22 23 923 922)
4(22 58 59 23)
4(58 94 95 59)
4(94 130 131 95)
4(130 166 167 131)
4(166 202 203 167)
4(202 238 239 203)
4(238 274 275 239)
4(274 310 311 275)
4(310 346 347 311)
4(346 382 383 347)
4(382 418 419 383)
4(418 454 455 419)
4(454 490 491 455)
4(490 526 527 491)
4(526 562 563 527)
4(562 598 599 563)
4(598 634 635 599)
4(634 670 671 635)
4(670 706 707 671)
4(706 742 743 707)
4(742 778 779 743)
4(778 814 815 779)
4(814 850 851 815)
4(850 886 887 851)
4(23 24 924 923)
4(23 59 60 24)
4(59 95 96 60)
4(95 131 132 96)
4(131 167 168 132)
4(167 203 204 168)
4(203 239 240 204)
4(239 275 276 240)
4(275 311 312 276)
4(311 347 348 312)
4(347 383 384 348)
4(383 419 420 384)
4(419 455 456 420)
4(455 491 492 456)
4(491 527 528 492)
4(527 563 564 528)
4(563 599 600 564)
4(599 635 636 600)
4(635 671 672 636)
4(671 707 708 672)
4(707 743 744 708)
4(743 779 780 744)
4(779 815 816 780)
4(815 851 852 816)
4(851 887 888 852)
4(24 25 925 924)
4(24 60 61 25)
4(60 96 97 61)
4(96 132 133 97)
4(132 168 169 133)
4(168 204 205 169)
4(204 240 241 205)
4(240 276 277 241)
4(276 312 313 277)
4(312 348 349 313)
4(348 384 385 349)
4(384 420 421 385)
4(420 456 457 421)
4(456 492 493 457)
4(492 528 529 493)
4(528 564 565 529)
4(564 600 601 565)
4(600 636 637 601)
4(636 672 673 637)
4(672 708 709 673)
4(708 744 745 709)
4(744 780 781 745)
4(780 816 817 781)
4(816 852 853 817)
4(852 888 889 853)
4(25 26 926 925)
4(25 61 62 26)
4(61 97 98 62)
4(97 133 134 98)
4(133 169 170 134)
4(169 205 206 170)
4(205 241 242 206)
4(241 277 278 242)
4(277 313 314 278)
4(313 349 350 314)
4(349 385 386 350)
4(385 421 422 386)
4(421 457 458 422)
4(457 493 494 458)
4(493 529 530 494)
4(529 565 566 530)
4(565 601 602 566)
4(601 637 638 602)
4(637 673 674 638)
4(673 709 710 674)
4(709 745 746 710)
4(745 781 782 746)
4(781 817 818 782)
4(817 853 854 818)
4(853 889 890 854)
4(26 27 927 926)
4(26 62 63 27)
4(62 98 99 63)
4(98 134 135 99)
4(134 170 171 135)
4(170 206 207 171)
4(206 242 243 207)
4(242 278 279 243)
4(278 314 315 279)
4(314 350 351 315)
4(350 386 387 351)
4(386 422 423 387)
4(422 458 459 423)
4(458 494 495 459)
4(494 530 531 495)
4(530 566 567 531)
4(566 602 603 567)
4(602 638 639 603)
4(638 674 675 639)
4(674 710 711 675)
4(710 746 747 711)
4(746 782 783 747)
4(782 818 819 783)
4(818 854 855 819)
4(854 890 891 855)
4(27 28 928 927)
4(27 63 64 28)
4(63 99 100 64)
4(99 135 136 100)
4(135 171 172 136)
4(171 207 208 172)
4(207 243 244 208)
4(243 279 280 244)
4(279 315 316 280)
4(315 351 352 316)
4(351 387 388 352)
4(387 423 424 388)
4(423 459 460 424)
4(459 495 496 460)
4(495 531 532 496)
4(531 567 568 532)
4(567 603 604 568)
4(603 639 640 604)
4(639 675 676 640)
4(675 711 712 676)
4(711 747 748 712)
4(747 783 784 748)
4(783 819 820 784)
4(819 855 856 820)
4(855 891 892 856)
4(28 29 929 928)
4(28 64 65 29)
4(64 100 101 65)
4(100 136 137 101)
4(136 172 173 137)
4(172 208 209 173)
4(208 244 245 209)
4(244 280 281 245)
4(280 316 317 281)
4(316 352 353 317)
4(352 388 389 353)
4(388 424 425 389)
4(424 460 461 425)
4(460 496 497 461)
4(496 532 533 497)
4(532 568 569 533)
4(568 604 605 569)
4(604 640 641 605)
4(640 676 677 641)
4(676 712 713 677)
4(712 748 749 713)
4(748 784 785 749)
4(784 820 821 785)
4(820 856 857 821)
4(856 892 893 857)
4(29 30 930 929)
4(29 65 66 30)
4(65 101 102 66)
4(101 137 138 102)
4(137 173 174 138)
4(173 209 210 174)
4(209 245 246 210)
4(245 281 282 246)
4(281 317 318 282)
4(317 353 354 318)
4(353 389 390 354)
4(389 425 426 390)
4(425 461 462 426)
4(461 497 498 462)
4(497 533 534 498)
4(533 569 570 534)
4(569 605 606 570)
4(605 641 642 606)
4(641 677 678 642)
4(677 713 714 678)
4(713 749 750 714)
4(749 785 786 750)
4(785 821 822 786)
4(821 857 858 822)
4(857 893 894 858)
4(30 31 931 930)
4(30 66 67 31)
4(66 102 103 67)
4(102 138 139 103)
4(138 174 175 139)
4(174 210 211 175)
4(210 246 247 211)
4(246 282 283 247)
4(282 318 319 283)
4(318 354 355 319)
4(354 390 391 355)
4(390 426 427 391)
4(426 462 463 427)
4(462 498 499 463)
4(498 534 535 499)
4(534 570 571 535)
4(570 606 607 571)
4(606 642 643 607)
4(642 678 679 643)
4(678 714 715 679)
4(714 750 751 715)
4(750 786 787 751)
4(786 822 823 787)
4(822 858 859 823)
4(858 894 895 859)
4(31 32 932 931)
4(31 67 68 32)
4(67 103 104 68)
4(103 139 140 104)
4(139 175 176 140)
4(175 211 212 176)
4(211 247 248 212)
4(247 283 284 248)
4(283 319 320 284)
4(319 355 356 320)
4(355 391 392 356)
4(391 427 428 392)
4(427 463 464 428)
4(463 499 500 464)
4(499 535 536 500)
4(535 571 572 536)
4(571 607 608 572)
4(607 643 644 608)
4(643 679 680 644)
4(679 715 716 680)
4(715 751 752 716)
4(751 787 788 752)
4(787 823 824 788)
4(823 859 860 824)
4(859 895 896 860)
4(32 33 933 932)
4(32 68 69 33)
4(68 104 105 69)
4(104 140 141 105)
4(140 176 177 141)
4(176 212 213 177)
4(212 248 249 213)
4(248 284 285 249)
4(284 320 321 285)
4(320 356 357 321)
4(356 392 393 357)
4(392 428 429 393)
4(428 464 465 429)
4(464 500 501 465)
4(500 536 537 501)
4(536 572 573 537)
4(572 608 609 573)
4(608 644 645 609)
4(644 680 681 645)
4(680 716 717 681)
4(716 752 753 717)
4(752 788 789 753)
4(788 824 825 789)
4(824 860 861 825)
4(860 896 897 861)
4(33 34 934 933)
4(33 69 70 34)
4(69 105 106 70)
4(105 141 142 106)
4(141 177 178 142)
4(177 213 214 178)
4(213 249 250 214)
4(249 285 286 250)
4(285 321 322 286)
4(321 357 358 322)
4(357 393 394 358)
4(393 429 430 394)
4(429 465 466 430)
4(465 501 502 466)
4(501 537 538 502)
4(537 573 574 538)
4(573 609 610 574)
4(609 645 646 610)
4(645 681 682 646)
4(681 717 718 682)
4(717 753 754 718)
4(753 789 790 754)
4(789 825 826 790)
4(825 861 862 826)
4(861 897 898 862)
4(34 35 935 934)
4(34 70 71 35)
4(70 106 107 71)
4(106 142 143 107)
4(142 178 179 143)
4(178 214 215 179)
4(214 250 251 215)
4(250 286 287 251)
4(286 322 323 287)
4(322 358 359 323)
4(358 394 395 359)
4(394 430 431 395)
4(430 466 467 431)
4(466 502 503 467)
4(502 538 539 503)
4(538 574 575 539)
4(574 610 611 575)
4(610 646 647 611)
4(646 682 683 647)
4(682 718 719 683)
4(718 754 755 719)
4(754 790 791 755)
4(790 826 827 791)
4(826 862 863 827)
4(862 898 899 863)
4(35 1896 1920 935)
4(71 1897 1896 35)
4(107 1898 1897 71)
4(143 1899 1898 107)
4(179 1900 1899 143)
4(215 1901 1900 179)
4(251 1902 1901 215)
4(287 1903 1902 251)
4(323 1904 1903 287)
4(359 1905 1904 323)
4(395 1906 1905 359)
4(431 1907 1906 395)
4(467 1908 1907 431)
4(503 1909 1908 467)
4(539 1910 1909 503)
4(575 1911 1910 539)
4(611 1912 1911 575)
4(647 1913 1912 611)
4(683 1914 1913 647)
4(719 1915 1914 683)
4(755 1916 1915 719)
4(791 1917 1916 755)
4(827 1918 1917 791)
4(863 1919 1918 827)
4(899 1921 1919 863)
4(936 1872 1922 1836)
4(1872 936 972 1873)
4(1873 972 1008 1874)
4(1874 1008 1044 1875)
4(1875 1044 1080 1876)
4(1876 1080 1116 1877)
4(1877 1116 1152 1878)
4(1878 1152 1188 1879)
4(1879 1188 1224 1880)
4(1880 1224 1260 1881)
4(1881 1260 1296 1882)
4(1882 1296 1332 1883)
4(1883 1332 1368 1884)
4(1884 1368 1404 1885)
4(1885 1404 1440 1886)
4(1886 1440 1476 1887)
4(1887 1476 1512 1888)
4(1888 1512 1548 1889)
4(1889 1548 1584 1890)
4(1890 1584 1620 1891)
4(1891 1620 1656 1892)
4(1892 1656 1692 1893)
4(1893 1692 1728 1894)
4(1894 1728 1764 1895)
4(1895 1764 1800 1923)
4(936 1836 1837 937)
4(936 937 973 972)
4(972 973 1009 1008)
4(1008 1009 1045 1044)
4(1044 1045 1081 1080)
4(1080 1081 1117 1116)
4(1116 1117 1153 1152)
4(1152 1153 1189 1188)
4(1188 1189 1225 1224)
4(1224 1225 1261 1260)
4(1260 1261 1297 1296)
4(1296 1297 1333 1332)
4(1332 1333 1369 1368)
4(1368 1369 1405 1404)
4(1404 1405 1441 1440)
4(1440 1441 1477 1476)
4(1476 1477 1513 1512)
4(1512 1513 1549 1548)
4(1548 1549 1585 1584)
4(1584 1585 1621 1620)
4(1620 1621 1657 1656)
4(1656 1657 1693 1692)
4(1692 1693 1729 1728)
4(1728 1729 1765 1764)
4(1764 1765 1801 1800)
4(937 1837 1838 938)
4(937 938 974 973)
4(973 974 1010 1009)
4(1009 1010 1046 1045)
4(1045 1046 1082 1081)
4(1081 1082 1118 1117)
4(1117 1118 1154 1153)
4(1153 1154 1190 1189)
4(1189 1190 1226 1225)
4(1225 1226 1262 1261)
4(1261 1262 1298 1297)
4(1297 1298 1334 1333)
4(1333 1334 1370 1369)
4(1369 1370 1406 1405)
4(1405 1406 1442 1441)
4(1441 1442 1478 1477)
4(1477 1478 1514 1513)
4(1513 1514 1550 1549)
4(1549 1550 1586 1585)
4(1585 1586 1622 1621)
4(1621 1622 1658 1657)
4(1657 1658 1694 1693)
4(1693 1694 1730 1729)
4(1729 1730 1766 1765)
4(1765 1766 1802 1801)
4(938 1838 1839 939)
4(938 939 975 974)
4(974 975 1011 1010)
4(1010 1011 1047 1046)
4(1046 1047 1083 1082)
4(1082 1083 1119 1118)
4(1118 1119 1155 1154)
4(1154 1155 1191 1190)
4(1190 1191 1227 1226)
4(1226 1227 1263 1262)
4(1262 1263 1299 1298)
4(1298 1299 1335 1334)
4(1334 1335 1371 1370)
4(1370 1371 1407 1406)
4(1406 1407 1443 1442)
4(1442 1443 1479 1478)
4(1478 1479 1515 1514)
4(1514 1515 1551 1550)
4(1550 1551 1587 1586)
4(1586 1587 1623 1622)
4(1622 1623 1659 1658)
4(1658 1659 1695 1694)
4(1694 1695 1731 1730)
4(1730 1731 1767 1766)
4(1766 1767 1803 1802)
4(939 1839 1840 940)
4(939 940 976 975)
4(975 976 1012 1011)
4(1011 1012 1048 1047)
4(1047 1048 1084 1083)
4(1083 1084 1120 1119)
4(1119 1120 1156 1155)
4(1155 1156 1192 1191)
4(1191 1192 1228 1227)
4(1227 1228 1264 1263)
4(1263 1264 1300 1299)
4(1299 1300 1336 1335)
4(1335 1336 1372 1371)
4(1371 1372 1408 1407)
4(1407 1408 1444 1443)
4(1443 1444 1480 1479)
4(1479 1480 1516 1515)
4(1515 1516 1552 1551)
4(1551 1552 1588 1587)
4(1587 1588 1624 1623)
4(1623 1624 1660 1659)
4(1659 1660 1696 1695)
4(1695 1696 1732 1731)
4(1731 1732 1768 1767)
4(1767 1768 1804 1803)
4(940 1840 1841 941)
4(940 941 977 976)
4(976 977 1013 1012)
4(1012 1013 1049 1048)
4(1048 1049 1085 1084)
4(1084 1085 1121 1120)
4(1120 1121 1157 1156)
4(1156 1157 1193 1192)
4(1192 1193 1229 1228)
4(1228 1229 1265 1264)
4(1264 1265 1301 1300)
4(1300 1301 1337 1336)
4(1336 1337 1373 1372)
4(1372 1373 1409 1408)
4(1408 1409 1445 1444)
4(1444 1445 1481 1480)
4(1480 1481 1517 1516)
4(1516 1517 1553 1552)
4(1552 1553 1589 1588)
4(1588 1589 1625 1624)
4(1624 1625 1661 1660)
4(1660 1661 1697 1696)
4(1696 1697 1733 1732)
4(1732 1733 1769 1768)
4(1768 1769 1805 1804)
4(941 1841 1842 942)
4(941 942 978 977)
4(977 978 1014 1013)
4(1013 1014 1050 1049)
4(1049 1050 1086 1085)
4(1085 1086 1122 1121)
4(1121 1122 1158 1157)
4(1157 1158 1194 1193)
4(1193 1194 1230 1229)
4(1229 1230 1266 1265)
4(1265 1266 1302 1301)
4(1301 1302 1338 1337)
4(1337 1338 1374 1373)
4(1373 1374 1410 1409)
4(1409 1410 1446 1445)
4(1445 1446 1482 1481)
4(1481 1482 1518 1517)
4(1517 1518 1554 1553)
4(1553 1554 1590 1589)
4(1589 1590 1626 1625)
4(1625 1626 1662 1661)
4(1661 1662 1698 1697)
4(1697 1698 1734 1733)
4(1733 1734 1770 1769)
4(1769 1770 1806 1805)
4(942 1842 1843 943)
4(942 943 979 978)
4(978 979 1015 1014)
4(1014 1015 1051 1050)
4(1050 1051 1087 1086)
4(1086 1087 1123 1122)
4(1122 1123 1159 1158)
4(1158 1159 1195 1194)
4(1194 1195 1231 1230)
4(1230 1231 1267 1266)
4(1266 1267 1303 1302)
4(1302 1303 1339 1338)
4(1338 1339 1375 1374)
4(1374 1375 1411 1410)
4(1410 1411 1447 1446)
4(1446 1447 1483 1482)
4(1482 1483 1519 1518)
4(1518 1519 1555 1554)
4(1554 1555 1591 1590)
4(1590 1591 1627 1626)
4(1626 1627 1663 1662)
4(1662 1663 1699 1698)
4(1698 1699 1735 1734)
4(1734 1735 1771 1770)
4(1770 1771 1807 1806)
4(943 1843 1844 944)
4(943 944 980 979)
4(979 980 1016 1015)
4(1015 1016 1052 1051)
4(1051 1052 1088 1087)
4(1087 1088 1124 1123)
4(1123 1124 1160 1159)
4(1159 1160 1196 1195)
4(1195 1196 1232 1231)
4(1231 1232 1268 1267)
4(1267 1268 1304 1303)
4(1303 1304 1340 1339)
4(1339 1340 1376 1375)
4(1375 1376 1412 1411)
4(1411 1412 1448 1447)
4(1447 1448 1484 1483)
4(1483 1484 1520 1519)
4(1519 1520 1556 1555)
4(1555 1556 1592 1591)
4(1591 1592 1628 1627)
4(1627 1628 1664 1663)
4(1663 1664 1700 1699)
4(1699 1700 1736 1735)
4(1735 1736 1772 1771)
4(1771 1772 1808 1807)
4(944 1844 1845 945)
4(944 945 981 980)
4(980 981 1017 1016)
4(1016 1017 1053 1052)
4(1052 1053 1089 1088)
4(1088 1089 1125 1124)
4(1124 1125 1161 1160)
4(1160 1161 1197 1196)
4(1196 1197 1233 1232)
4(1232 1233 1269 1268)
4(1268 1269 1305 1304)
4(1304 1305 1341 1340)
4(1340 1341 1377 1376)
4(1376 1377 1413 1412)
4(1412 1413 1449 1448)
4(1448 1449 1485 1484)
4(1484 1485 1521 1520)
4(1520 1521 1557 1556)
4(1556 1557 1593 1592)
4(1592 1593 1629 1628)
4(1628 1629 1665 1664)
4(1664 1665 1701 1700)
4(1700 1701 1737 1736)
4(1736 1737 1773 1772)
4(1772 1773 1809 1808)
4(945 1845 1846 946)
4(945 946 982 981)
4(981 982 1018 1017)
4(1017 1018 1054 1053)
4(1053 1054 1090 1089)
4(1089 1090 1126 1125)
4(1125 1126 1162 1161)
4(1161 1162 1198 1197)
4(1197 1198 1234 1233)
4(1233 1234 1270 1269)
4(1269 1270 1306 1305)
4(1305 1306 1342 1341)
4(1341 1342 1378 1377)
4(1377 1378 1414 1413)
4(1413 1414 1450 1449)
4(1449 1450 1486 1485)
4(1485 1486 1522 1521)
4(1521 1522 1558 1557)
4(1557 1558 1594 1593)
4(1593 1594 1630 1629)
4(1629 1630 1666 1665)
4(1665 1666 1702 1701)
4(1701 1702 1738 1737)
4(1737 1738 1774 1773)
4(1773 1774 1810 1809)
4(946 1846 1847 947)
4(946 947 983 982)
4(982 983 1019 1018)
4(1018 1019 1055 1054)
4(1054 1055 1091 1090)
4(1090 1091 1127 1126)
4(1126 1127 1163 1162)
4(1162 1163 1199 1198)
4(1198 1199 1235 1234)
4(1234 1235 1271 1270)
4(1270 1271 1307 1306)
4(1306 1307 1343 1342)
4(1342 1343 1379 1378)
4(1378 1379 1415 1414)
4(1414 1415 1451 1450)
4(1450 1451 1487 1486)
4(1486 1487 1523 1522)
4(1522 1523 1559 1558)
4(1558 1559 1595 1594)
4(1594 1595 1631 1630)
4(1630 1631 1667 1666)
4(1666 1667 1703 1702)
4(1702 1703 1739 1738)
4(1738 1739 1775 1774)
4(1774 1775 1811 1810)
4(947 1847 1848 948)
4(947 948 984 983)
4(983 984 1020 1019)
4(1019 1020 1056 1055)
4(1055 1056 1092 1091)
4(1091 1092 1128 1127)
4(1127 1128 1164 1163)
4(1163 1164 1200 1199)
4(1199 1200 1236 1235)
4(1235 1236 1272 1271)
4(1271 1272 1308 1307)
4(1307 1308 1344 1343)
4(1343 1344 1380 1379)
4(1379 1380 1416 1415)
4(1415 1416 1452 1451)
4(1451 1452 1488 1487)
4(1487 1488 1524 1523)
4(1523 1524 1560 1559)
4(1559 1560 1596 1595)
4(1595 1596 1632 1631)
4(1631 1632 1668 1667)
4(1667 1668 1704 1703)
4(1703 1704 1740 1739)
4(1739 1740 1776 1775)
4(1775 1776 1812 1811)
4(948 1848 1849 949)
4(948 949 985 984)
4(984 985 1021 1020)
4(1020 1021 1057 1056)
4(1056 1057 1093 1092)
4(1092 1093 1129 1128)
4(1128 1129 1165 1164)
4(1164 1165 1201 1200)
4(1200 1201 1237 1236)
4(1236 1237 1273 1272)
4(1272 1273 1309 1308)
4(1308 1309 1345 1344)
4(1344 1345 1381 1380)
4(1380 1381 1417 1416)
4(1416 1417 1453 1452)
4(1452 1453 1489 1488)
4(1488 1489 1525 1524)
4(1524 1525 1561 1560)
4(1560 1561 1597 1596)
4(1596 1597 1633 1632)
4(1632 1633 1669 1668)
4(1668 1669 1705 1704)
4(1704 1705 1741 1740)
4(1740 1741 1777 1776)
4(1776 1777 1813 1812)
4(949 1849 1850 950)
4(949 950 986 985)
4(985 986 1022 1021)
4(1021 1022 1058 1057)
4(1057 1058 1094 1093)
4(1093 1094 1130 1129)
4(1129 1130 1166 1165)
4(1165 1166 1202 1201)
4(1201 1202 1238 1237)
4(1237 1238 1274 1273)
4(1273 1274 1310 1309)
4(1309 1310 1346 1345)
4(1345 1346 1382 1381)
4(1381 1382 1418 1417)
4(1417 1418 1454 1453)
4(1453 1454 1490 1489)
4(1489 1490 1526 1525)
4(1525 1526 1562 1561)
4(1561 1562 1598 1597)
4(1597 1598 1634 1633)
4(1633 1634 1670 1669)
4(1669 1670 1706 1705)
4(1705 1706 1742 1741)
4(1741 1742 1778 1777)
4(1777 1778 1814 1813)
4(950 1850 1851 951)
4(950 951 987 986)
4(986 987 1023 1022)
4(1022 1023 1059 1058)
4(1058 1059 1095 1094)
4(1094 1095 1131 1130)
4(1130 1131 1167 1166)
4(1166 1167 1203 1202)
4(1202 1203 1239 1238)
4(1238 1239 1275 1274)
4(1274 1275 1311 1310)
4(1310 1311 1347 1346)
4(1346 1347 1383 1382)
4(1382 1383 1419 1418)
4(1418 1419 1455 1454)
4(1454 1455 1491 1490)
4(1490 1491 1527 1526)
4(1526 1527 1563 1562)
4(1562 1563 1599 1598)
4(1598 1599 1635 1634)
4(1634 1635 1671 1670)
4(1670 1671 1707 1706)
4(1706 1707 1743 1742)
4(1742 1743 1779 1778)
4(1778 1779 1815 1814)
4(951 1851 1852 952)
4(951 952 988 987)
4(987 988 1024 1023)
4(1023 1024 1060 1059)
4(1059 1060 1096 1095)
4(1095 1096 1132 1131)
4(1131 1132 1168 1167)
4(1167 1168 1204 1203)
4(1203 1204 1240 1239)
4(1239 1240 1276 1275)
4(1275 1276 1312 1311)
4(1311 1312 1348 1347)
4(1347 1348 1384 1383)
4(1383 1384 1420 1419)
4(1419 1420 1456 1455)
4(1455 1456 1492 1491)
4(1491 1492 1528 1527)
4(1527 1528 1564 1563)
4(1563 1564 1600 1599)
4(1599 1600 1636 1635)
4(1635 1636 1672 1671)
4(1671 1672 1708 1707)
4(1707 1708 1744 1743)
4(1743 1744 1780 1779)
4(1779 1780 1816 1815)
4(952 1852 1853 953)
4(952 953 989 988)
4(988 989 1025 1024)
4(1024 1025 1061 1060)
4(1060 1061 1097 1096)
4(1096 1097 1133 1132)
4(1132 1133 1169 1168)
4(1168 1169 1205 1204)
4(1204 1205 1241 1240)
4(1240 1241 1277 1276)
4(1276 1277 1313 1312)
4(1312 1313 1349 1348)
4(1348 1349 1385 1384)
4(1384 1385 1421 1420)
4(1420 1421 1457 1456)
4(1456 1457 1493 1492)
4(1492 1493 1529 1528)
4(1528 1529 1565 1564)
4(1564 1565 1601 1600)
4(1600 1601 1637 1636)
4(1636 1637 1673 1672)
4(1672 1673 1709 1708)
4(1708 1709 1745 1744)
4(1744 1745 1781 1780)
4(1780 1781 1817 1816)
4(953 1853 1854 954)
4(953 954 990 989)
4(989 990 1026 1025)
4(1025 1026 1062 1061)
4(1061 1062 1098 1097)
4(1097 1098 1134 1133)
4(1133 1134 1170 1169)
4(1169 1170 1206 1205)
4(1205 1206 1242 1241)
4(1241 1242 1278 1277)
4(1277 1278 1314 1313)
4(1313 1314 1350 1349)
4(1349 1350 1386 1385)
4(1385 1386 1422 1421)
4(1421 1422 1458 1457)
4(1457 1458 1494 1493)
4(1493 1494 1530 1529)
4(1529 1530 1566 1565)
4(1565 1566 1602 1601)
4(1601 1602 1638 1637)
4(1637 1638 1674 1673)
4(1673 1674 1710 1709)
4(1709 1710 1746 1745)
4(1745 1746 1782 1781)
4(1781 1782 1818 1817)
4(954 1854 1855 955)
4(954 955 991 990)
4(990 991 1027 1026)
4(1026 1027 1063 1062)
4(1062 1063 1099 1098)
4(1098 1099 1135 1134)
4(1134 1135 1171 1170)
4(1170 1171 1207 1206)
4(1206 1207 1243 1242)
4(1242 1243 1279 1278)
4(1278 1279 1315 1314)
4(1314 1315 1351 1350)
4(1350 1351 1387 1386)
4(1386 1387 1423 1422)
4(1422 1423 1459 1458)
4(1458 1459 1495 1494)
4(1494 1495 1531 1530)
4(1530 1531 1567 1566)
4(1566 1567 1603 1602)
4(1602 1603 1639 1638)
4(1638 1639 1675 1674)
4(1674 1675 1711 1710)
4(1710 1711 1747 1746)
4(1746 1747 1783 1782)
4(1782 1783 1819 1818)
4(955 1855 1856 956)
4(955 956 992 991)
4(991 992 1028 1027)
4(1027 1028 1064 1063)
4(1063 1064 1100 1099)
4(1099 1100 1136 1135)
4(1135 1136 1172 1171)
4(1171 1172 1208 1207)
4(1207 1208 1244 1243)
4(1243 1244 1280 1279)
4(1279 1280 1316 1315)
4(1315 1316 1352 1351)
4(1351 1352 1388 1387)
4(1387 1388 1424 1423)
4(1423 1424 1460 1459)
4(1459 1460 1496 1495)
4(1495 1496 1532 1531)
4(1531 1532 1568 1567)
4(1567 1568 1604 1603)
4(1603 1604 1640 1639)
4(1639 1640 1676 1675)
4(1675 1676 1712 1711)
4(1711 1712 1748 1747)
4(1747 1748 1784 1783)
4(1783 1784 1820 1819)
4(956 1856 1857 957)
4(956 957 993 992)
4(992 993 1029 1028)
4(1028 1029 1065 1064)
4(1064 1065 1101 1100)
4(1100 1101 1137 1136)
4(1136 1137 1173 1172)
4(1172 1173 1209 1208)
4(1208 1209 1245 1244)
4(1244 1245 1281 1280)
4(1280 1281 1317 1316)
4(1316 1317 1353 1352)
4(1352 1353 1389 1388)
4(1388 1389 1425 1424)
4(1424 1425 1461 1460)
4(1460 1461 1497 1496)
4(1496 1497 1533 1532)
4(1532 1533 1569 1568)
4(1568 1569 1605 1604)
4(1604 1605 1641 1640)
4(1640 1641 1677 1676)
4(1676 1677 1713 1712)
4(1712 1713 1749 1748)
4(1748 1749 1785 1784)
4(1784 1785 1821 1820)
4(957 1857 1858 958)
4(957 958 994 993)
4(993 994 1030 1029)
4(1029 1030 1066 1065)
4(1065 1066 1102 1101)
4(1101 1102 1138 1137)
4(1137 1138 1174 1173)
4(1173 1174 1210 1209)
4(1209 1210 1246 1245)
4(1245 1246 1282 1281)
4(1281 1282 1318 1317)
4(1317 1318 1354 1353)
4(1353 1354 1390 1389)
4(1389 1390 1426 1425)
4(1425 1426 1462 1461)
4(1461 1462 1498 1497)
4(1497 1498 1534 1533)
4(1533 1534 1570 1569)
4(1569 1570 1606 1605)
4(1605 1606 1642 1641)
4(1641 1642 1678 1677)
4(1677 1678 1714 1713)
4(1713 1714 1750 1749)
4(1749 1750 1786 1785)
4(1785 1786 1822 1821)
4(958 1858 1859 959)
4(958 959 995 994)
4(994 995 1031 1030)
4(1030 1031 1067 1066)
4(1066 1067 1103 1102)
4(1102 1103 1139 1138)
4(1138 1139 1175 1174)
4(1174 1175 1211 1210)
4(1210 1211 1247 1246)
4(1246 1247 1283 1282)
4(1282 1283 1319 1318)
4(1318 1319 1355 1354)
4(1354 1355 1391 1390)
4(1390 1391 1427 1426)
4(1426 1427 1463 1462)
4(1462 1463 1499 1498)
4(1498 1499 1535 1534)
4(1534 1535 1571 1570)
4(1570 1571 1607 1606)
4(1606 1607 1643 1642)
4(1642 1643 1679 1678)
4(1678 1679 1715 1714)
4(1714 1715 1751 1750)
4(1750 1751 1787 1786)
4(1786 1787 1823 1822)
4(959 1859 1860 960)
4(959 960 996 995)
4(995 996 1032 1031)
4(1031 1032 1068 1067)
4(1067 1068 1104 1103)
4(1103 1104 1140 1139)
4(1139 1140 1176 1175)
4(1175 1176 1212 1211)
4(1211 1212 1248 1247)
4(1247 1248 1284 1283)
4(1283 1284 1320 1319)
4(1319 1320 1356 1355)
4(1355 1356 1392 1391)
4(1391 1392 1428 1427)
4(1427 1428 1464 1463)
4(1463 1464 1500 1499)
4(1499 1500 1536 1535)
4(1535 1536 1572 1571)
4(1571 1572 1608 1607)
4(1607 1608 1644 1643)
4(1643 1644 1680 1679)
4(1679 1680 1716 1715)
4(1715 1716 1752 1751)
4(1751 1752 1788 1787)
4(1787 1788 1824 1823)
4(960 1860 1861 961)
4(960 961 997 996)
4(996 997 1033 1032)
4(1032 1033 1069 1068)
4(1068 1069 1105 1104)
4(1104 1105 1141 1140)
4(1140 1141 1177 1176)
4(1176 1177 1213 1212)
4(1212 1213 1249 1248)
4(1248 1249 1285 1284)
4(1284 1285 1321 1320)
4(1320 1321 1357 1356)
4(1356 1357 1393 1392)
4(1392 1393 1429 1428)
4(1428 1429 1465 1464)
4(1464 1465 1501 1500)
4(1500 1501 1537 1536)
4(1536 1537 1573 1572)
4(1572 1573 1609 1608)
4(1608 1609 1645 1644)
4(1644 1645 1681 1680)
4(1680 1681 1717 1716)
4(1716 1717 1753 1752)
4(1752 1753 1789 1788)
4(1788 1789 1825 1824)
4(961 1861 1862 962)
4(961 962 998 997)
4(997 998 1034 1033)
4(1033 1034 1070 1069)
4(1069 1070 1106 1105)
4(1105 1106 1142 1141)
4(1141 1142 1178 1177)
4(1177 1178 1214 1213)
4(1213 1214 1250 1249)
4(1249 1250 1286 1285)
4(1285 1286 1322 1321)
4(1321 1322 1358 1357)
4(1357 1358 1394 1393)
4(1393 1394 1430 1429)
4(1429 1430 1466 1465)
4(1465 1466 1502 1501)
4(1501 1502 1538 1537)
4(1537 1538 1574 1573)
4(1573 1574 1610 1609)
4(1609 1610 1646 1645)
4(1645 1646 1682 1681)
4(1681 1682 1718 1717)
4(1717 1718 1754 1753)
4(1753 1754 1790 1789)
4(1789 1790 1826 1825)
4(962 1862 1863 963)
4(962 963 999 998)
4(998 999 1035 1034)
4(1034 1035 1071 1070)
4(1070 1071 1107 1106)
4(1106 1107 1143 1142)
4(1142 1143 1179 1178)
4(1178 1179 1215 1214)
4(1214 1215 1251 1250)
4(1250 1251 1287 1286)
4(1286 1287 1323 1322)
4(1322 1323 1359 1358)
4(1358 1359 1395 1394)
4(1394 1395 1431 1430)
4(1430 1431 1467 1466)
4(1466 1467 1503 1502)
4(1502 1503 1539 1538)
4(1538 1539 1575 1574)
4(1574 1575 1611 1610)
4(1610 1611 1647 1646)
4(1646 1647 1683 1682)
4(1682 1683 1719 1718)
4(1718 1719 1755 1754)
4(1754 1755 1791 1790)
4(1790 1791 1827 1826)
4(963 1863 1864 964)
4(963 964 1000 999)
4(999 1000 1036 1035)
4(1035 1036 1072 1071)
4(1071 1072 1108 1107)
4(1107 1108 1144 1143)
4(1143 1144 1180 1179)
4(1179 1180 1216 1215)
4(1215 1216 1252 1251)
4(1251 1252 1288 1287)
4(1287 1288 1324 1323)
4(1323 1324 1360 1359)
4(1359 1360 1396 1395)
4(1395 1396 1432 1431)
4(1431 1432 1468 1467)
4(1467 1468 1504 1503)
4(1503 1504 1540 1539)
4(1539 1540 1576 1575)
4(1575 1576 1612 1611)
4(1611 1612 1648 1647)
4(1647 1648 1684 1683)
4(1683 1684 1720 1719)
4(1719 1720 1756 1755)
4(1755 1756 1792 1791)
4(1791 1792 1828 1827)
4(964 1864 1865 965)
4(964 965 1001 1000)
4(1000 1001 1037 1036)
4(1036 1037 1073 1072)
4(1072 1073 1109 1108)
4(1108 1109 1145 1144)
4(1144 1145 1181 1180)
4(1180 1181 1217 1216)
4(1216 1217 1253 1252)
4(1252 1253 1289 1288)
4(1288 1289 1325 1324)
4(1324 1325 1361 1360)
4(1360 1361 1397 1396)
4(1396 1397 1433 1432)
4(1432 1433 1469 1468)
4(1468 1469 1505 1504)
4(1504 1505 1541 1540)
4(1540 1541 1577 1576)
4(1576 1577 1613 1612)
4(1612 1613 1649 1648)
4(1648 1649 1685 1684)
4(1684 1685 1721 1720)
4(1720 1721 1757 1756)
4(1756 1757 1793 1792)
4(1792 1793 1829 1828)
4(965 1865 1866 966)
4(965 966 1002 1001)
4(1001 1002 1038 1037)
4(1037 1038 1074 1073)
4(1073 1074 1110 1109)
4(1109 1110 1146 1145)
4(1145 1146 1182 1181)
4(1181 1182 1218 1217)
4(1217 1218 1254 1253)
4(1253 1254 1290 1289)
4(1289 1290 1326 1325)
4(1325 1326 1362 1361)
4(1361 1362 1398 1397)
4(1397 1398 1434 1433)
4(1433 1434 1470 1469)
4(1469 1470 1506 1505)
4(1505 1506 1542 1541)
4(1541 1542 1578 1577)
4(1577 1578 1614 1613)
4(1613 1614 1650 1649)
4(1649 1650 1686 1685)
4(1685 1686 1722 1721)
4(1721 1722 1758 1757)
4(1757 1758 1794 1793)
4(1793 1794 1830 1829)
4(966 1866 1867 967)
4(966 967 1003 1002)
4(1002 1003 1039 1038)
4(1038 1039 1075 1074)
4(1074 1075 1111 1110)
4(1110 1111 1147 1146)
4(1146 1147 1183 1182)
4(1182 1183 1219 1218)
4(1218 1219 1255 1254)
4(1254 1255 1291 1290)
4(1290 1291 1327 1326)
4(1326 1327 1363 1362)
4(1362 1363 1399 1398)
4(1398 1399 1435 1434)
4(1434 1435 1471 1470)
4(1470 1471 1507 1506)
4(1506 1507 1543 1542)
4(1542 1543 1579 1578)
4(1578 1579 1615 1614)
4(1614 1615 1651 1650)
4(1650 1651 1687 1686)
4(1686 1687 1723 1722)
4(1722 1723 1759 1758)
4(1758 1759 1795 1794)
4(1794 1795 1831 1830)
4(967 1867 1868 968)
4(967 968 1004 1003)
4(1003 1004 1040 1039)
4(1039 1040 1076 1075)
4(1075 1076 1112 1111)
4(1111 1112 1148 1147)
4(1147 1148 1184 1183)
4(1183 1184 1220 1219)
4(1219 1220 1256 1255)
4(1255 1256 1292 1291)
4(1291 1292 1328 1327)
4(1327 1328 1364 1363)
4(1363 1364 1400 1399)
4(1399 1400 1436 1435)
4(1435 1436 1472 1471)
4(1471 1472 1508 1507)
4(1507 1508 1544 1543)
4(1543 1544 1580 1579)
4(1579 1580 1616 1615)
4(1615 1616 1652 1651)
4(1651 1652 1688 1687)
4(1687 1688 1724 1723)
4(1723 1724 1760 1759)
4(1759 1760 1796 1795)
4(1795 1796 1832 1831)
4(968 1868 1869 969)
4(968 969 1005 1004)
4(1004 1005 1041 1040)
4(1040 1041 1077 1076)
4(1076 1077 1113 1112)
4(1112 1113 1149 1148)
4(1148 1149 1185 1184)
4(1184 1185 1221 1220)
4(1220 1221 1257 1256)
4(1256 1257 1293 1292)
4(1292 1293 1329 1328)
4(1328 1329 1365 1364)
4(1364 1365 1401 1400)
4(1400 1401 1437 1436)
4(1436 1437 1473 1472)
4(1472 1473 1509 1508)
4(1508 1509 1545 1544)
4(1544 1545 1581 1580)
4(1580 1581 1617 1616)
4(1616 1617 1653 1652)
4(1652 1653 1689 1688)
4(1688 1689 1725 1724)
4(1724 1725 1761 1760)
4(1760 1761 1797 1796)
4(1796 1797 1833 1832)
4(969 1869 1870 970)
4(969 970 1006 1005)
4(1005 1006 1042 1041)
4(1041 1042 1078 1077)
4(1077 1078 1114 1113)
4(1113 1114 1150 1149)
4(1149 1150 1186 1185)
4(1185 1186 1222 1221)
4(1221 1222 1258 1257)
4(1257 1258 1294 1293)
4(1293 1294 1330 1329)
4(1329 1330 1366 1365)
4(1365 1366 1402 1401)
4(1401 1402 1438 1437)
4(1437 1438 1474 1473)
4(1473 1474 1510 1509)
4(1509 1510 1546 1545)
4(1545 1546 1582 1581)
4(1581 1582 1618 1617)
4(1617 1618 1654 1653)
4(1653 1654 1690 1689)
4(1689 1690 1726 1725)
4(1725 1726 1762 1761)
4(1761 1762 1798 1797)
4(1797 1798 1834 1833)
4(970 1870 1871 971)
4(970 971 1007 1006)
4(1006 1007 1043 1042)
4(1042 1043 1079 1078)
4(1078 1079 1115 1114)
4(1114 1115 1151 1150)
4(1150 1151 1187 1186)
4(1186 1187 1223 1222)
4(1222 1223 1259 1258)
4(1258 1259 1295 1294)
4(1294 1295 1331 1330)
4(1330 1331 1367 1366)
4(1366 1367 1403 1402)
4(1402 1403 1439 1438)
4(1438 1439 1475 1474)
4(1474 1475 1511 1510)
4(1510 1511 1547 1546)
4(1546 1547 1583 1582)
4(1582 1583 1619 1618)
4(1618 1619 1655 1654)
4(1654 1655 1691 1690)
4(1690 1691 1727 1726)
4(1726 1727 1763 1762)
4(1762 1763 1799 1798)
4(1798 1799 1835 1834)
4(971 1871 1920 1896)
4(1007 971 1896 1897)
4(1043 1007 1897 1898)
4(1079 1043 1898 1899)
4(1115 1079 1899 1900)
4(1151 1115 1900 1901)
4(1187 1151 1901 1902)
4(1223 1187 1902 1903)
4(1259 1223 1903 1904)
4(1295 1259 1904 1905)
4(1331 1295 1905 1906)
4(1367 1331 1906 1907)
4(1403 1367 1907 1908)
4(1439 1403 1908 1909)
4(1475 1439 1909 1910)
4(1511 1475 1910 1911)
4(1547 1511 1911 1912)
4(1583 1547 1912 1913)
4(1619 1583 1913 1914)
4(1655 1619 1914 1915)
4(1691 1655 1915 1916)
4(1727 1691 1916 1917)
4(1763 1727 1917 1918)
4(1799 1763 1918 1919)
4(1835 1799 1919 1921)
)


// ************************************************************************* //
