/*--------------------------------*- C++ -*----------------------------------*\
| =========                 |                                                 |
| \\      /  F ield         | OpenFOAM: The Open Source CFD Toolbox           |
|  \\    /   O peration     | Version:  v2012                                 |
|   \\  /    A nd           | Website:  www.openfoam.com                      |
|    \\/     M anipulation  |                                                 |
\*---------------------------------------------------------------------------*/
FoamFile
{
    version     2.0;
    format      ascii;
    class       vectorField;
    location    "constant/polyMesh";
    object      points;
}
// * * * * * * * * * * * * * * * * * * * * * * * * * * * * * * * * * * * * * //


1924
(
(0.529997 0.0450664 0.00196764)
(0.524262 0.0898082 0.00392111)
(0.51475 0.133903 0.00584632)
(0.501529 0.177033 0.00772942)
(0.484694 0.218887 0.00955682)
(0.464368 0.259164 0.0113154)
(0.440695 0.297574 0.0129924)
(0.413847 0.33384 0.0145758)
(0.384018 0.367701 0.0160542)
(0.351421 0.398912 0.0174169)
(0.316293 0.427249 0.0186541)
(0.278886 0.452508 0.0197569)
(0.239469 0.474507 0.0207174)
(0.198327 0.493086 0.0215286)
(0.155756 0.508113 0.0221847)
(0.112063 0.519479 0.022681)
(0.0675624 0.527103 0.0230138)
(0.022575 0.530928 0.0231808)
(-0.022575 0.530928 0.0231808)
(-0.0675624 0.527103 0.0230138)
(-0.112063 0.519479 0.022681)
(-0.155756 0.508113 0.0221847)
(-0.198327 0.493086 0.0215286)
(-0.239469 0.474507 0.0207174)
(-0.278886 0.452508 0.0197569)
(-0.316293 0.427249 0.0186541)
(-0.351421 0.398912 0.0174169)
(-0.384018 0.367701 0.0160542)
(-0.413847 0.33384 0.0145758)
(-0.440695 0.297574 0.0129924)
(-0.464368 0.259164 0.0113154)
(-0.484694 0.218887 0.00955682)
(-0.501529 0.177033 0.00772942)
(-0.51475 0.133903 0.00584632)
(-0.524262 0.0898082 0.00392111)
(-0.529997 0.0450664 0.00196764)
(0.564 0.0479578 0.00209388)
(0.557897 0.0955701 0.00417268)
(0.547775 0.142494 0.00622141)
(0.533706 0.188391 0.00822532)
(0.515791 0.23293 0.01017)
(0.49416 0.275792 0.0120413)
(0.468969 0.316666 0.0138259)
(0.440399 0.355259 0.0155109)
(0.408656 0.391292 0.0170842)
(0.373968 0.424506 0.0185343)
(0.336586 0.454661 0.0198509)
(0.296779 0.48154 0.0210245)
(0.254833 0.50495 0.0220466)
(0.211051 0.524722 0.0229098)
(0.165749 0.540713 0.023608)
(0.119253 0.552808 0.0241361)
(0.0718971 0.56092 0.0244903)
(0.0240234 0.564991 0.024668)
(-0.0240234 0.564991 0.024668)
(-0.0718971 0.56092 0.0244903)
(-0.119253 0.552808 0.0241361)
(-0.165749 0.540713 0.023608)
(-0.211051 0.524722 0.0229098)
(-0.254833 0.50495 0.0220466)
(-0.296779 0.48154 0.0210245)
(-0.336586 0.454661 0.0198509)
(-0.373968 0.424506 0.0185343)
(-0.408656 0.391292 0.0170842)
(-0.440399 0.355259 0.0155109)
(-0.468969 0.316666 0.0138259)
(-0.49416 0.275792 0.0120413)
(-0.515791 0.23293 0.01017)
(-0.533706 0.188391 0.00822532)
(-0.547775 0.142494 0.00622141)
(-0.557897 0.0955701 0.00417268)
(-0.564 0.0479578 0.00209388)
(0.600362 0.0510497 0.00222888)
(0.593866 0.101732 0.0044417)
(0.583091 0.151681 0.00662251)
(0.568115 0.200537 0.00875562)
(0.549045 0.247948 0.0108256)
(0.52602 0.293572 0.0128177)
(0.499204 0.337082 0.0147173)
(0.468792 0.378163 0.0165109)
(0.435002 0.416519 0.0181856)
(0.398078 0.451874 0.0197293)
(0.358286 0.483974 0.0211307)
(0.315912 0.512586 0.02238)
(0.271262 0.537505 0.023468)
(0.224658 0.558551 0.0243869)
(0.176435 0.575573 0.0251301)
(0.126941 0.588448 0.0256922)
(0.0765324 0.597084 0.0260692)
(0.0255722 0.601417 0.0262584)
(-0.0255722 0.601417 0.0262584)
(-0.0765324 0.597084 0.0260692)
(-0.126941 0.588448 0.0256922)
(-0.176435 0.575573 0.0251301)
(-0.224658 0.558551 0.0243869)
(-0.271262 0.537505 0.023468)
(-0.315912 0.512586 0.02238)
(-0.358286 0.483974 0.0211307)
(-0.398078 0.451874 0.0197293)
(-0.435002 0.416519 0.0181856)
(-0.468792 0.378163 0.0165109)
(-0.499204 0.337082 0.0147173)
(-0.52602 0.293572 0.0128177)
(-0.549045 0.247948 0.0108256)
(-0.568115 0.200537 0.00875562)
(-0.583091 0.151681 0.00662251)
(-0.593866 0.101732 0.0044417)
(-0.600362 0.0510497 0.00222888)
(0.639246 0.0543561 0.00237324)
(0.632329 0.108321 0.00472938)
(0.620856 0.161505 0.00705144)
(0.60491 0.213525 0.0093227)
(0.584605 0.264007 0.0115268)
(0.560089 0.312586 0.0136478)
(0.531536 0.358914 0.0156705)
(0.499155 0.402656 0.0175803)
(0.463176 0.443496 0.0193635)
(0.423861 0.481141 0.0210071)
(0.381491 0.515319 0.0224993)
(0.336373 0.545785 0.0238295)
(0.288832 0.572318 0.0249879)
(0.239209 0.594727 0.0259664)
(0.187863 0.612852 0.0267577)
(0.135163 0.626561 0.0273562)
(0.0814892 0.635755 0.0277577)
(0.0272285 0.640369 0.0279591)
(-0.0272285 0.640369 0.0279591)
(-0.0814892 0.635755 0.0277577)
(-0.135163 0.626561 0.0273562)
(-0.187863 0.612852 0.0267577)
(-0.239209 0.594727 0.0259664)
(-0.288832 0.572318 0.0249879)
(-0.336373 0.545785 0.0238295)
(-0.381491 0.515319 0.0224993)
(-0.423861 0.481141 0.0210071)
(-0.463176 0.443496 0.0193635)
(-0.499155 0.402656 0.0175803)
(-0.531536 0.358914 0.0156705)
(-0.560089 0.312586 0.0136478)
(-0.584605 0.264007 0.0115268)
(-0.60491 0.213525 0.0093227)
(-0.620856 0.161505 0.00705144)
(-0.632329 0.108321 0.00472938)
(-0.639246 0.0543561 0.00237324)
(0.680827 0.0578918 0.00252761)
(0.67346 0.115366 0.00503701)
(0.661241 0.17201 0.00751011)
(0.644257 0.227414 0.00992911)
(0.622632 0.28118 0.0122766)
(0.596521 0.332919 0.0145356)
(0.566111 0.38226 0.0166898)
(0.531623 0.428847 0.0187239)
(0.493304 0.472344 0.020623)
(0.451432 0.512438 0.0223735)
(0.406306 0.548839 0.0239628)
(0.358253 0.581286 0.0253795)
(0.307619 0.609545 0.0266133)
(0.254769 0.633413 0.0276554)
(0.200082 0.652716 0.0284982)
(0.143955 0.667317 0.0291357)
(0.0867898 0.677109 0.0295632)
(0.0289996 0.682023 0.0297778)
(-0.0289996 0.682023 0.0297778)
(-0.0867898 0.677109 0.0295632)
(-0.143955 0.667317 0.0291357)
(-0.200082 0.652716 0.0284982)
(-0.254769 0.633413 0.0276554)
(-0.307619 0.609545 0.0266133)
(-0.358253 0.581286 0.0253795)
(-0.406306 0.548839 0.0239628)
(-0.451432 0.512438 0.0223735)
(-0.493304 0.472344 0.020623)
(-0.531623 0.428847 0.0187239)
(-0.566111 0.38226 0.0166898)
(-0.596521 0.332919 0.0145356)
(-0.622632 0.28118 0.0122766)
(-0.644257 0.227414 0.00992911)
(-0.661241 0.17201 0.00751011)
(-0.67346 0.115366 0.00503701)
(-0.680827 0.0578918 0.00252761)
(0.725292 0.0616727 0.00269269)
(0.717444 0.122901 0.00536598)
(0.704427 0.183244 0.0080006)
(0.686334 0.242266 0.0105776)
(0.663296 0.299543 0.0130783)
(0.635479 0.354662 0.0154849)
(0.603084 0.407226 0.0177799)
(0.566343 0.456855 0.0199467)
(0.525522 0.503193 0.0219699)
(0.480915 0.545905 0.0238347)
(0.432842 0.584684 0.0255279)
(0.381651 0.61925 0.0270371)
(0.32771 0.649355 0.0283514)
(0.271408 0.674781 0.0294616)
(0.21315 0.695345 0.0303594)
(0.153356 0.710899 0.0310385)
(0.0924581 0.721331 0.031494)
(0.0308936 0.726566 0.0317226)
(-0.0308936 0.726566 0.0317226)
(-0.0924581 0.721331 0.031494)
(-0.153356 0.710899 0.0310385)
(-0.21315 0.695345 0.0303594)
(-0.271408 0.674781 0.0294616)
(-0.32771 0.649355 0.0283514)
(-0.381651 0.61925 0.0270371)
(-0.432842 0.584684 0.0255279)
(-0.480915 0.545905 0.0238347)
(-0.525522 0.503193 0.0219699)
(-0.566343 0.456855 0.0199467)
(-0.603084 0.407226 0.0177799)
(-0.635479 0.354662 0.0154849)
(-0.663296 0.299543 0.0130783)
(-0.686334 0.242266 0.0105776)
(-0.704427 0.183244 0.0080006)
(-0.717444 0.122901 0.00536598)
(-0.725292 0.0616727 0.00269269)
(0.772841 0.0657159 0.00286922)
(0.764479 0.130958 0.00571776)
(0.750608 0.195257 0.00852511)
(0.731329 0.258149 0.011271)
(0.706781 0.319181 0.0139357)
(0.677141 0.377913 0.0165001)
(0.642621 0.433923 0.0189455)
(0.603472 0.486806 0.0212544)
(0.559975 0.536181 0.0234102)
(0.512443 0.581694 0.0253973)
(0.461218 0.623015 0.0272014)
(0.406671 0.659847 0.0288096)
(0.349194 0.691926 0.0302101)
(0.289201 0.719019 0.031393)
(0.227124 0.740931 0.0323497)
(0.16341 0.757505 0.0330734)
(0.0985195 0.768621 0.0335587)
(0.0329189 0.774199 0.0338023)
(-0.0329189 0.774199 0.0338023)
(-0.0985195 0.768621 0.0335587)
(-0.16341 0.757505 0.0330734)
(-0.227124 0.740931 0.0323497)
(-0.289201 0.719019 0.031393)
(-0.349194 0.691926 0.0302101)
(-0.406671 0.659847 0.0288096)
(-0.461218 0.623015 0.0272014)
(-0.512443 0.581694 0.0253973)
(-0.559975 0.536181 0.0234102)
(-0.603472 0.486806 0.0212544)
(-0.642621 0.433923 0.0189455)
(-0.677141 0.377913 0.0165001)
(-0.706781 0.319181 0.0139357)
(-0.731329 0.258149 0.011271)
(-0.750608 0.195257 0.00852511)
(-0.764479 0.130958 0.00571776)
(-0.772841 0.0657159 0.00286922)
(0.823688 0.0700395 0.00305799)
(0.814775 0.139574 0.00609395)
(0.799992 0.208103 0.00908599)
(0.779445 0.275133 0.0120126)
(0.753282 0.340181 0.0148526)
(0.721691 0.402777 0.0175856)
(0.684901 0.462472 0.0201919)
(0.643176 0.518834 0.0226528)
(0.596817 0.571458 0.0249504)
(0.546157 0.619965 0.0270682)
(0.491563 0.664005 0.0289911)
(0.433427 0.70326 0.030705)
(0.372168 0.737449 0.0321977)
(0.308228 0.766324 0.0334584)
(0.242067 0.789678 0.0344781)
(0.174161 0.807343 0.0352493)
(0.105001 0.81919 0.0357666)
(0.0350847 0.825135 0.0360262)
(-0.0350847 0.825135 0.0360262)
(-0.105001 0.81919 0.0357666)
(-0.174161 0.807343 0.0352493)
(-0.242067 0.789678 0.0344781)
(-0.308228 0.766324 0.0334584)
(-0.372168 0.737449 0.0321977)
(-0.433427 0.70326 0.030705)
(-0.491563 0.664005 0.0289911)
(-0.546157 0.619965 0.0270682)
(-0.596817 0.571458 0.0249504)
(-0.643176 0.518834 0.0226528)
(-0.684901 0.462472 0.0201919)
(-0.721691 0.402777 0.0175856)
(-0.753282 0.340181 0.0148526)
(-0.779445 0.275133 0.0120126)
(-0.799992 0.208103 0.00908599)
(-0.814775 0.139574 0.00609395)
(-0.823688 0.0700395 0.00305799)
(0.878062 0.074663 0.00325985)
(0.868561 0.148788 0.00649622)
(0.852802 0.221841 0.00968578)
(0.830898 0.293296 0.0128056)
(0.803008 0.362637 0.0158331)
(0.769332 0.429366 0.0187465)
(0.730113 0.493001 0.0215249)
(0.685634 0.553084 0.0241481)
(0.636214 0.609181 0.0265974)
(0.582211 0.66089 0.0288551)
(0.524012 0.707837 0.0309048)
(0.462039 0.749684 0.0327319)
(0.396736 0.78613 0.0343232)
(0.328575 0.816911 0.0356671)
(0.258046 0.841807 0.0367541)
(0.185658 0.860637 0.0375762)
(0.111933 0.873267 0.0381277)
(0.0374007 0.879605 0.0384044)
(-0.0374007 0.879605 0.0384044)
(-0.111933 0.873267 0.0381277)
(-0.185658 0.860637 0.0375762)
(-0.258046 0.841807 0.0367541)
(-0.328575 0.816911 0.0356671)
(-0.396736 0.78613 0.0343232)
(-0.462039 0.749684 0.0327319)
(-0.524012 0.707837 0.0309048)
(-0.582211 0.66089 0.0288551)
(-0.636214 0.609181 0.0265974)
(-0.685634 0.553084 0.0241481)
(-0.730113 0.493001 0.0215249)
(-0.769332 0.429366 0.0187465)
(-0.803008 0.362637 0.0158331)
(-0.830898 0.293296 0.0128056)
(-0.852802 0.221841 0.00968578)
(-0.868561 0.148788 0.00649622)
(-0.878062 0.074663 0.00325985)
(0.936207 0.0796071 0.00347572)
(0.926077 0.158641 0.0069264)
(0.909274 0.236531 0.0103272)
(0.88592 0.312718 0.0136535)
(0.856183 0.386651 0.0168815)
(0.820277 0.457798 0.0199879)
(0.778461 0.525647 0.0229502)
(0.731036 0.589709 0.0257472)
(0.678344 0.649521 0.0283587)
(0.620765 0.704654 0.0307659)
(0.558713 0.75471 0.0329514)
(0.492635 0.799328 0.0348994)
(0.423008 0.838187 0.0365961)
(0.350333 0.871007 0.038029)
(0.275134 0.897551 0.0391879)
(0.197953 0.917629 0.0400645)
(0.119345 0.931095 0.0406525)
(0.0398774 0.937852 0.0409475)
(-0.0398774 0.937852 0.0409475)
(-0.119345 0.931095 0.0406525)
(-0.197953 0.917629 0.0400645)
(-0.275134 0.897551 0.0391879)
(-0.350333 0.871007 0.038029)
(-0.423008 0.838187 0.0365961)
(-0.492635 0.799328 0.0348994)
(-0.558713 0.75471 0.0329514)
(-0.620765 0.704654 0.0307659)
(-0.678344 0.649521 0.0283587)
(-0.731036 0.589709 0.0257472)
(-0.778461 0.525647 0.0229502)
(-0.820277 0.457798 0.0199879)
(-0.856183 0.386651 0.0168815)
(-0.88592 0.312718 0.0136535)
(-0.909274 0.236531 0.0103272)
(-0.926077 0.158641 0.0069264)
(-0.936207 0.0796071 0.00347572)
(0.998385 0.0848942 0.00370656)
(0.987582 0.169177 0.00738642)
(0.969663 0.25224 0.0110131)
(0.944758 0.333487 0.0145603)
(0.913046 0.41233 0.0180027)
(0.874756 0.488203 0.0213154)
(0.830162 0.560558 0.0244745)
(0.779588 0.628874 0.0274572)
(0.723396 0.692659 0.0302422)
(0.661993 0.751454 0.0328092)
(0.595819 0.804834 0.0351398)
(0.525353 0.852416 0.0372173)
(0.451102 0.893855 0.0390266)
(0.3736 0.928855 0.0405547)
(0.293407 0.957162 0.0417906)
(0.2111 0.978573 0.0427254)
(0.127271 0.992933 0.0433524)
(0.0425259 1.00014 0.043667)
(-0.0425259 1.00014 0.043667)
(-0.127271 0.992933 0.0433524)
(-0.2111 0.978573 0.0427254)
(-0.293407 0.957162 0.0417906)
(-0.3736 0.928855 0.0405547)
(-0.451102 0.893855 0.0390266)
(-0.525353 0.852416 0.0372173)
(-0.595819 0.804834 0.0351398)
(-0.661993 0.751454 0.0328092)
(-0.723396 0.692659 0.0302422)
(-0.779588 0.628874 0.0274572)
(-0.830162 0.560558 0.0244745)
(-0.874756 0.488203 0.0213154)
(-0.913046 0.41233 0.0180027)
(-0.944758 0.333487 0.0145603)
(-0.969663 0.25224 0.0110131)
(-0.987582 0.169177 0.00738642)
(-0.998385 0.0848942 0.00370656)
(1.06488 0.090548 0.00395341)
(1.05335 0.180444 0.00787834)
(1.03424 0.269039 0.0117465)
(1.00768 0.355696 0.01553)
(0.973853 0.439791 0.0192017)
(0.933013 0.520716 0.022735)
(0.88545 0.59789 0.0261044)
(0.831507 0.670756 0.0292858)
(0.771573 0.738789 0.0322562)
(0.70608 0.801499 0.0349942)
(0.6355 0.858435 0.0374801)
(0.560341 0.909185 0.0396959)
(0.481144 0.953385 0.0416257)
(0.398481 0.990715 0.0432556)
(0.312947 1.02091 0.0445738)
(0.225158 1.04374 0.0455709)
(0.135747 1.05906 0.0462396)
(0.045358 1.06675 0.0465752)
(-0.045358 1.06675 0.0465752)
(-0.135747 1.05906 0.0462396)
(-0.225158 1.04374 0.0455709)
(-0.312947 1.02091 0.0445738)
(-0.398481 0.990715 0.0432556)
(-0.481144 0.953385 0.0416257)
(-0.560341 0.909185 0.0396959)
(-0.6355 0.858435 0.0374801)
(-0.70608 0.801499 0.0349942)
(-0.771573 0.738789 0.0322562)
(-0.831507 0.670756 0.0292858)
(-0.88545 0.59789 0.0261044)
(-0.933013 0.520716 0.022735)
(-0.973853 0.439791 0.0192017)
(-1.00768 0.355696 0.01553)
(-1.03424 0.269039 0.0117465)
(-1.05335 0.180444 0.00787834)
(-1.06488 0.090548 0.00395341)
(1.13598 0.096594 0.00421738)
(1.12369 0.192492 0.00840438)
(1.1033 0.287003 0.0125308)
(1.07496 0.379446 0.016567)
(1.03888 0.469156 0.0204838)
(0.995311 0.555485 0.024253)
(0.944572 0.637811 0.0278474)
(0.887027 0.715543 0.0312413)
(0.823092 0.788118 0.03441)
(0.753226 0.855016 0.0373308)
(0.677933 0.915753 0.0399826)
(0.597755 0.969892 0.0423464)
(0.513271 1.01704 0.044405)
(0.425088 1.05687 0.0461438)
(0.333843 1.08907 0.04755)
(0.240192 1.11344 0.0486136)
(0.144811 1.12977 0.049327)
(0.0483866 1.13797 0.049685)
(-0.0483866 1.13797 0.049685)
(-0.144811 1.12977 0.049327)
(-0.240192 1.11344 0.0486136)
(-0.333843 1.08907 0.04755)
(-0.425088 1.05687 0.0461438)
(-0.513271 1.01704 0.044405)
(-0.597755 0.969892 0.0423464)
(-0.677933 0.915753 0.0399826)
(-0.753226 0.855016 0.0373308)
(-0.823092 0.788118 0.03441)
(-0.887027 0.715543 0.0312413)
(-0.944572 0.637811 0.0278474)
(-0.995311 0.555485 0.024253)
(-1.03888 0.469156 0.0204838)
(-1.07496 0.379446 0.016567)
(-1.1033 0.287003 0.0125308)
(-1.12369 0.192492 0.00840438)
(-1.13598 0.096594 0.00421738)
(1.21201 0.103059 0.00449966)
(1.1989 0.205376 0.00896691)
(1.17714 0.306213 0.0133695)
(1.14691 0.404844 0.0176759)
(1.10841 0.500557 0.0218548)
(1.06193 0.592665 0.0258763)
(1.00779 0.680502 0.0297114)
(0.946398 0.763436 0.0333323)
(0.878183 0.840869 0.0367131)
(0.803641 0.912244 0.0398295)
(0.723308 0.977047 0.0426588)
(0.637764 1.03481 0.0451807)
(0.547625 1.08512 0.0473772)
(0.45354 1.1276 0.0492323)
(0.356188 1.16197 0.0507327)
(0.256269 1.18796 0.0518675)
(0.154504 1.20539 0.0526286)
(0.0516252 1.21414 0.0530106)
(-0.0516252 1.21414 0.0530106)
(-0.154504 1.20539 0.0526286)
(-0.256269 1.18796 0.0518675)
(-0.356188 1.16197 0.0507327)
(-0.45354 1.1276 0.0492323)
(-0.547625 1.08512 0.0473772)
(-0.637764 1.03481 0.0451807)
(-0.723308 0.977047 0.0426588)
(-0.803641 0.912244 0.0398295)
(-0.878183 0.840869 0.0367131)
(-0.946398 0.763436 0.0333323)
(-1.00779 0.680502 0.0297114)
(-1.06193 0.592665 0.0258763)
(-1.10841 0.500557 0.0218548)
(-1.14691 0.404844 0.0176759)
(-1.17714 0.306213 0.0133695)
(-1.1989 0.205376 0.00896691)
(-1.21201 0.103059 0.00449966)
(1.29332 0.109973 0.00480152)
(1.27933 0.219154 0.00956845)
(1.25611 0.326755 0.0142664)
(1.22385 0.432003 0.0188616)
(1.18277 0.534137 0.0233209)
(1.13317 0.632424 0.0276122)
(1.0754 0.726153 0.0317045)
(1.00989 0.814651 0.0355684)
(0.937096 0.897279 0.039176)
(0.857553 0.973442 0.0425014)
(0.771831 1.04259 0.0455205)
(0.680549 1.10423 0.0482117)
(0.584363 1.15791 0.0505555)
(0.483966 1.20325 0.052535)
(0.380083 1.23992 0.054136)
(0.273461 1.26766 0.055347)
(0.164869 1.28626 0.0561592)
(0.0550885 1.29559 0.0565668)
(-0.0550885 1.29559 0.0565668)
(-0.164869 1.28626 0.0561592)
(-0.273461 1.26766 0.055347)
(-0.380083 1.23992 0.054136)
(-0.483966 1.20325 0.052535)
(-0.584363 1.15791 0.0505555)
(-0.680549 1.10423 0.0482117)
(-0.771831 1.04259 0.0455205)
(-0.857553 0.973442 0.0425014)
(-0.937096 0.897279 0.039176)
(-1.00989 0.814651 0.0355684)
(-1.0754 0.726153 0.0317045)
(-1.13317 0.632424 0.0276122)
(-1.18277 0.534137 0.0233209)
(-1.22385 0.432003 0.0188616)
(-1.25611 0.326755 0.0142664)
(-1.27933 0.219154 0.00956845)
(-1.29332 0.109973 0.00480152)
(1.38027 0.117366 0.00512432)
(1.36533 0.233887 0.0102117)
(1.34056 0.348722 0.0152255)
(1.30613 0.461045 0.0201297)
(1.26229 0.570046 0.0248888)
(1.20935 0.67494 0.0294685)
(1.1477 0.774971 0.033836)
(1.07778 0.869418 0.0379596)
(1.0001 0.957601 0.0418098)
(0.915205 1.03888 0.0453587)
(0.82372 1.11268 0.0485808)
(0.726301 1.17846 0.0514529)
(0.623648 1.23575 0.0539542)
(0.516502 1.28414 0.0560668)
(0.405635 1.32328 0.0577755)
(0.291845 1.35288 0.0590679)
(0.175952 1.37273 0.0599347)
(0.058792 1.38269 0.0603696)
(-0.058792 1.38269 0.0603696)
(-0.175952 1.37273 0.0599347)
(-0.291845 1.35288 0.0590679)
(-0.405635 1.32328 0.0577755)
(-0.516502 1.28414 0.0560668)
(-0.623648 1.23575 0.0539542)
(-0.726301 1.17846 0.0514529)
(-0.82372 1.11268 0.0485808)
(-0.915205 1.03888 0.0453587)
(-1.0001 0.957601 0.0418098)
(-1.07778 0.869418 0.0379596)
(-1.1477 0.774971 0.033836)
(-1.20935 0.67494 0.0294685)
(-1.26229 0.570046 0.0248888)
(-1.30613 0.461045 0.0201297)
(-1.34056 0.348722 0.0152255)
(-1.36533 0.233887 0.0102117)
(-1.38027 0.117366 0.00512432)
(1.47324 0.125272 0.00546951)
(1.4573 0.249642 0.0108996)
(1.43086 0.372213 0.0162512)
(1.39411 0.492102 0.0214856)
(1.34732 0.608446 0.0265653)
(1.29081 0.720406 0.0314536)
(1.22501 0.827175 0.0361152)
(1.15038 0.927984 0.0405167)
(1.06746 1.02211 0.0446262)
(0.976855 1.10887 0.0484141)
(0.879208 1.18764 0.0518533)
(0.775226 1.25785 0.0549188)
(0.665658 1.319 0.0575887)
(0.551295 1.37064 0.0598436)
(0.432959 1.41242 0.0616674)
(0.311504 1.44401 0.0630468)
(0.187805 1.4652 0.063972)
(0.0627524 1.47583 0.0644363)
(-0.0627524 1.47583 0.0644363)
(-0.187805 1.4652 0.063972)
(-0.311504 1.44401 0.0630468)
(-0.432959 1.41242 0.0616674)
(-0.551295 1.37064 0.0598436)
(-0.665658 1.319 0.0575887)
(-0.775226 1.25785 0.0549188)
(-0.879208 1.18764 0.0518533)
(-0.976855 1.10887 0.0484141)
(-1.06746 1.02211 0.0446262)
(-1.15038 0.927984 0.0405167)
(-1.22501 0.827175 0.0361152)
(-1.29081 0.720406 0.0314536)
(-1.34732 0.608446 0.0265653)
(-1.39411 0.492102 0.0214856)
(-1.43086 0.372213 0.0162512)
(-1.4573 0.249642 0.0108996)
(-1.47324 0.125272 0.00546951)
(1.57267 0.133727 0.00583863)
(1.55565 0.26649 0.0116352)
(1.52743 0.397333 0.0173479)
(1.4882 0.525313 0.0229357)
(1.43824 0.649509 0.0283582)
(1.37793 0.769024 0.0335763)
(1.30768 0.882999 0.0385526)
(1.22802 0.990612 0.0432511)
(1.13951 1.09109 0.0476379)
(1.04278 1.1837 0.0516815)
(0.938544 1.26779 0.0553528)
(0.827544 1.34274 0.0586252)
(0.710583 1.40802 0.0614753)
(0.588501 1.46315 0.0638824)
(0.462179 1.50774 0.0658292)
(0.332527 1.54146 0.0673017)
(0.20048 1.56408 0.0682894)
(0.0669874 1.57543 0.068785)
(-0.0669874 1.57543 0.068785)
(-0.20048 1.56408 0.0682894)
(-0.332527 1.54146 0.0673017)
(-0.462179 1.50774 0.0658292)
(-0.588501 1.46315 0.0638824)
(-0.710583 1.40802 0.0614753)
(-0.827544 1.34274 0.0586252)
(-0.938544 1.26779 0.0553528)
(-1.04278 1.1837 0.0516815)
(-1.13951 1.09109 0.0476379)
(-1.22802 0.990612 0.0432511)
(-1.30768 0.882999 0.0385526)
(-1.37793 0.769024 0.0335763)
(-1.43824 0.649509 0.0283582)
(-1.4882 0.525313 0.0229357)
(-1.52743 0.397333 0.0173479)
(-1.55565 0.26649 0.0116352)
(-1.57267 0.133727 0.00583863)
(1.67899 0.142767 0.00623336)
(1.66083 0.284506 0.0124218)
(1.63069 0.424195 0.0185208)
(1.58881 0.560828 0.0244863)
(1.53548 0.69342 0.0302754)
(1.47109 0.821016 0.0358463)
(1.39609 0.942696 0.041159)
(1.31104 1.05758 0.0461751)
(1.21654 1.16485 0.0508585)
(1.11328 1.26373 0.0551755)
(1.002 1.3535 0.059095)
(0.883492 1.43352 0.0625887)
(0.758623 1.50321 0.0656314)
(0.628287 1.56207 0.0682012)
(0.493425 1.60967 0.0702797)
(0.355008 1.64568 0.0718518)
(0.214033 1.66983 0.0729062)
(0.0715162 1.68194 0.0734353)
(-0.0715162 1.68194 0.0734353)
(-0.214033 1.66983 0.0729062)
(-0.355008 1.64568 0.0718518)
(-0.493425 1.60967 0.0702797)
(-0.628287 1.56207 0.0682012)
(-0.758623 1.50321 0.0656314)
(-0.883492 1.43352 0.0625887)
(-1.002 1.3535 0.059095)
(-1.11328 1.26373 0.0551755)
(-1.21654 1.16485 0.0508585)
(-1.31104 1.05758 0.0461751)
(-1.39609 0.942696 0.041159)
(-1.47109 0.821016 0.0358463)
(-1.53548 0.69342 0.0302754)
(-1.58881 0.560828 0.0244863)
(-1.63069 0.424195 0.0185208)
(-1.66083 0.284506 0.0124218)
(-1.67899 0.142767 0.00623336)
(1.79269 0.152435 0.00665547)
(1.77329 0.303772 0.013263)
(1.74112 0.452921 0.0197749)
(1.6964 0.598806 0.0261444)
(1.63946 0.740377 0.0323255)
(1.5707 0.876613 0.0382737)
(1.49063 1.00653 0.0439462)
(1.39982 1.1292 0.049302)
(1.29892 1.24373 0.0543026)
(1.18867 1.3493 0.0589119)
(1.06985 1.44515 0.0630968)
(0.94332 1.53059 0.066827)
(0.809995 1.605 0.0700758)
(0.670834 1.66784 0.0728197)
(0.526839 1.71867 0.0750389)
(0.379049 1.75712 0.0767174)
(0.228527 1.7829 0.0778432)
(0.0763591 1.79584 0.0784081)
(-0.0763591 1.79584 0.0784081)
(-0.228527 1.7829 0.0778432)
(-0.379049 1.75712 0.0767174)
(-0.526839 1.71867 0.0750389)
(-0.670834 1.66784 0.0728197)
(-0.809995 1.605 0.0700758)
(-0.94332 1.53059 0.066827)
(-1.06985 1.44515 0.0630968)
(-1.18867 1.3493 0.0589119)
(-1.29892 1.24373 0.0543026)
(-1.39982 1.1292 0.049302)
(-1.49063 1.00653 0.0439462)
(-1.5707 0.876613 0.0382737)
(-1.63946 0.740377 0.0323255)
(-1.6964 0.598806 0.0261444)
(-1.74112 0.452921 0.0197749)
(-1.77329 0.303772 0.013263)
(-1.79269 0.152435 0.00665547)
(1.91428 0.162774 0.00710686)
(1.89356 0.324375 0.0141625)
(1.85921 0.483639 0.0211161)
(1.81145 0.639418 0.0279176)
(1.75065 0.79059 0.0345179)
(1.67723 0.936066 0.0408695)
(1.59173 1.0748 0.0469267)
(1.49476 1.20579 0.0526457)
(1.38702 1.32809 0.0579855)
(1.26929 1.44082 0.0629074)
(1.14241 1.54317 0.0673761)
(1.0073 1.6344 0.0713594)
(0.86493 1.71385 0.0748285)
(0.716331 1.78096 0.0777584)
(0.56257 1.83524 0.0801281)
(0.404756 1.87629 0.0819205)
(0.244026 1.90382 0.0831227)
(0.0815379 1.91764 0.0837259)
(-0.0815379 1.91764 0.0837259)
(-0.244026 1.90382 0.0831227)
(-0.404756 1.87629 0.0819205)
(-0.56257 1.83524 0.0801281)
(-0.716331 1.78096 0.0777584)
(-0.86493 1.71385 0.0748285)
(-1.0073 1.6344 0.0713594)
(-1.14241 1.54317 0.0673761)
(-1.26929 1.44082 0.0629074)
(-1.38702 1.32809 0.0579855)
(-1.49476 1.20579 0.0526457)
(-1.59173 1.0748 0.0469267)
(-1.67723 0.936066 0.0408695)
(-1.75065 0.79059 0.0345179)
(-1.81145 0.639418 0.0279176)
(-1.85921 0.483639 0.0211161)
(-1.89356 0.324375 0.0141625)
(-1.91428 0.162774 0.00710686)
(2.04429 0.173829 0.00758955)
(2.02217 0.346406 0.0151244)
(1.98548 0.516487 0.0225503)
(1.93449 0.682847 0.0298137)
(1.86955 0.844287 0.0368623)
(1.79115 0.999643 0.0436454)
(1.69984 1.1478 0.0501139)
(1.59628 1.28768 0.0562214)
(1.48123 1.41829 0.0619238)
(1.3555 1.53868 0.06718)
(1.22 1.64798 0.0719522)
(1.07571 1.74541 0.076206)
(0.923675 1.83026 0.0799108)
(0.764983 1.90192 0.0830397)
(0.60078 1.95988 0.0855704)
(0.432247 2.00372 0.0874845)
(0.2606 2.03313 0.0887683)
(0.0870759 2.04788 0.0894125)
(-0.0870759 2.04788 0.0894125)
(-0.2606 2.03313 0.0887683)
(-0.432247 2.00372 0.0874845)
(-0.60078 1.95988 0.0855704)
(-0.764983 1.90192 0.0830397)
(-0.923675 1.83026 0.0799108)
(-1.07571 1.74541 0.076206)
(-1.22 1.64798 0.0719522)
(-1.3555 1.53868 0.06718)
(-1.48123 1.41829 0.0619238)
(-1.59628 1.28768 0.0562214)
(-1.69984 1.1478 0.0501139)
(-1.79115 0.999643 0.0436454)
(-1.86955 0.844287 0.0368623)
(-1.93449 0.682847 0.0298137)
(-1.98548 0.516487 0.0225503)
(-2.02217 0.346406 0.0151244)
(-2.04429 0.173829 0.00758955)
(2.18333 0.185652 0.00810572)
(2.1597 0.369966 0.016153)
(2.12052 0.551614 0.024084)
(2.06605 0.729288 0.0318414)
(1.9967 0.901707 0.0393694)
(1.91297 1.06763 0.0466137)
(1.81545 1.22586 0.0535222)
(1.70485 1.37526 0.0600451)
(1.58196 1.51475 0.0661353)
(1.44768 1.64332 0.071749)
(1.30297 1.76006 0.0768458)
(1.14887 1.86411 0.0813889)
(0.986495 1.95473 0.0853456)
(0.817011 2.03127 0.0886873)
(0.641639 2.09318 0.0913901)
(0.461645 2.14 0.0934344)
(0.278324 2.1714 0.0948055)
(0.092998 2.18716 0.0954936)
(-0.092998 2.18716 0.0954936)
(-0.278324 2.1714 0.0948055)
(-0.461645 2.14 0.0934344)
(-0.641639 2.09318 0.0913901)
(-0.817011 2.03127 0.0886873)
(-0.986495 1.95473 0.0853456)
(-1.14887 1.86411 0.0813889)
(-1.30297 1.76006 0.0768458)
(-1.44768 1.64332 0.071749)
(-1.58196 1.51475 0.0661353)
(-1.70485 1.37526 0.0600451)
(-1.81545 1.22586 0.0535222)
(-1.91297 1.06763 0.0466137)
(-1.9967 0.901707 0.0393694)
(-2.06605 0.729288 0.0318414)
(-2.12052 0.551614 0.024084)
(-2.1597 0.369966 0.016153)
(-2.18333 0.185652 0.00810572)
(2.332 0.198294 0.0086577)
(2.30677 0.395159 0.017253)
(2.26492 0.589177 0.025724)
(2.20674 0.77895 0.0340097)
(2.13267 0.963111 0.0420503)
(2.04323 1.14033 0.049788)
(1.93907 1.30934 0.0571669)
(1.82094 1.46891 0.0641339)
(1.68969 1.6179 0.0706389)
(1.54627 1.75523 0.0766349)
(1.3917 1.87991 0.0820787)
(1.22711 1.99105 0.0869312)
(1.05367 2.08785 0.0911573)
(0.872646 2.1696 0.0947267)
(0.685333 2.23572 0.0976135)
(0.493081 2.28573 0.099797)
(0.297277 2.31927 0.101261)
(0.0993309 2.3361 0.101996)
(-0.0993309 2.3361 0.101996)
(-0.297277 2.31927 0.101261)
(-0.493081 2.28573 0.099797)
(-0.685333 2.23572 0.0976135)
(-0.872646 2.1696 0.0947267)
(-1.05367 2.08785 0.0911573)
(-1.22711 1.99105 0.0869312)
(-1.3917 1.87991 0.0820787)
(-1.54627 1.75523 0.0766349)
(-1.68969 1.6179 0.0706389)
(-1.82094 1.46891 0.0641339)
(-1.93907 1.30934 0.0571669)
(-2.04323 1.14033 0.049788)
(-2.13267 0.963111 0.0420503)
(-2.20674 0.77895 0.0340097)
(-2.26492 0.589177 0.025724)
(-2.30677 0.395159 0.017253)
(-2.332 0.198294 0.0086577)
(2.49099 0.211813 0.00924796)
(2.46404 0.4221 0.0184293)
(2.41933 0.629346 0.0274778)
(2.35719 0.832057 0.0363284)
(2.27807 1.02877 0.0449172)
(2.18254 1.21808 0.0531824)
(2.07127 1.3986 0.0610644)
(1.94509 1.56906 0.0685064)
(1.80489 1.7282 0.0754549)
(1.65169 1.87489 0.0818597)
(1.48658 2.00808 0.0876747)
(1.31077 2.1268 0.0928579)
(1.12551 2.23019 0.0973722)
(0.932141 2.31751 0.101185)
(0.732057 2.38814 0.104269)
(0.526698 2.44156 0.106601)
(0.317545 2.47739 0.108165)
(0.106103 2.49537 0.10895)
(-0.106103 2.49537 0.10895)
(-0.317545 2.47739 0.108165)
(-0.526698 2.44156 0.106601)
(-0.732057 2.38814 0.104269)
(-0.932141 2.31751 0.101185)
(-1.12551 2.23019 0.0973722)
(-1.31077 2.1268 0.0928579)
(-1.48658 2.00808 0.0876747)
(-1.65169 1.87489 0.0818597)
(-1.80489 1.7282 0.0754549)
(-1.94509 1.56906 0.0685064)
(-2.07127 1.3986 0.0610644)
(-2.18254 1.21808 0.0531824)
(-2.27807 1.02877 0.0449172)
(-2.35719 0.832057 0.0363284)
(-2.41933 0.629346 0.0274778)
(-2.46404 0.4221 0.0184293)
(-2.49099 0.211813 0.00924796)
(0.498199 0.0423626 0.00184959)
(0.492808 0.08442 0.00368586)
(0.483866 0.125869 0.00549556)
(0.471439 0.166411 0.00726568)
(0.455614 0.205755 0.00898344)
(0.436507 0.243615 0.0106365)
(0.414255 0.279721 0.0122129)
(0.389018 0.313811 0.0137013)
(0.360978 0.34564 0.015091)
(0.330337 0.374979 0.0163719)
(0.297317 0.401616 0.0175349)
(0.262154 0.425359 0.0185716)
(0.225102 0.446038 0.0194744)
(0.186428 0.463503 0.020237)
(0.146411 0.477628 0.0208537)
(0.10534 0.488312 0.0213202)
(0.0635089 0.495478 0.021633)
(0.0212206 0.499074 0.02179)
(-0.0212206 0.499074 0.02179)
(-0.0635089 0.495478 0.021633)
(-0.10534 0.488312 0.0213202)
(-0.146411 0.477628 0.0208537)
(-0.186428 0.463503 0.020237)
(-0.225102 0.446038 0.0194744)
(-0.262154 0.425359 0.0185716)
(-0.297317 0.401616 0.0175349)
(-0.330337 0.374979 0.0163719)
(-0.360978 0.34564 0.015091)
(-0.389018 0.313811 0.0137013)
(-0.414255 0.279721 0.0122129)
(-0.436507 0.243615 0.0106365)
(-0.455614 0.205755 0.00898344)
(-0.471439 0.166411 0.00726568)
(-0.483866 0.125869 0.00549556)
(-0.492808 0.08442 0.00368586)
(-0.498199 0.0423626 0.00184959)
(0.529997 0.0450664 -0.00196764)
(0.524262 0.0898082 -0.00392111)
(0.51475 0.133903 -0.00584632)
(0.501529 0.177033 -0.00772942)
(0.484694 0.218887 -0.00955682)
(0.464368 0.259164 -0.0113154)
(0.440695 0.297574 -0.0129924)
(0.413847 0.33384 -0.0145758)
(0.384018 0.367701 -0.0160542)
(0.351421 0.398912 -0.0174169)
(0.316293 0.427249 -0.0186541)
(0.278886 0.452508 -0.0197569)
(0.239469 0.474507 -0.0207174)
(0.198327 0.493086 -0.0215286)
(0.155756 0.508113 -0.0221847)
(0.112063 0.519479 -0.022681)
(0.0675624 0.527103 -0.0230138)
(0.022575 0.530928 -0.0231808)
(-0.022575 0.530928 -0.0231808)
(-0.0675624 0.527103 -0.0230138)
(-0.112063 0.519479 -0.022681)
(-0.155756 0.508113 -0.0221847)
(-0.198327 0.493086 -0.0215286)
(-0.239469 0.474507 -0.0207174)
(-0.278886 0.452508 -0.0197569)
(-0.316293 0.427249 -0.0186541)
(-0.351421 0.398912 -0.0174169)
(-0.384018 0.367701 -0.0160542)
(-0.413847 0.33384 -0.0145758)
(-0.440695 0.297574 -0.0129924)
(-0.464368 0.259164 -0.0113154)
(-0.484694 0.218887 -0.00955682)
(-0.501529 0.177033 -0.00772942)
(-0.51475 0.133903 -0.00584632)
(-0.524262 0.0898082 -0.00392111)
(-0.529997 0.0450664 -0.00196764)
(0.564 0.0479578 -0.00209388)
(0.557897 0.0955701 -0.00417268)
(0.547775 0.142494 -0.00622141)
(0.533706 0.188391 -0.00822532)
(0.515791 0.23293 -0.01017)
(0.49416 0.275792 -0.0120413)
(0.468969 0.316666 -0.0138259)
(0.440399 0.355259 -0.0155109)
(0.408656 0.391292 -0.0170842)
(0.373968 0.424506 -0.0185343)
(0.336586 0.454661 -0.0198509)
(0.296779 0.48154 -0.0210245)
(0.254833 0.50495 -0.0220466)
(0.211051 0.524722 -0.0229098)
(0.165749 0.540713 -0.023608)
(0.119253 0.552808 -0.0241361)
(0.0718971 0.56092 -0.0244903)
(0.0240234 0.564991 -0.024668)
(-0.0240234 0.564991 -0.024668)
(-0.0718971 0.56092 -0.0244903)
(-0.119253 0.552808 -0.0241361)
(-0.165749 0.540713 -0.023608)
(-0.211051 0.524722 -0.0229098)
(-0.254833 0.50495 -0.0220466)
(-0.296779 0.48154 -0.0210245)
(-0.336586 0.454661 -0.0198509)
(-0.373968 0.424506 -0.0185343)
(-0.408656 0.391292 -0.0170842)
(-0.440399 0.355259 -0.0155109)
(-0.468969 0.316666 -0.0138259)
(-0.49416 0.275792 -0.0120413)
(-0.515791 0.23293 -0.01017)
(-0.533706 0.188391 -0.00822532)
(-0.547775 0.142494 -0.00622141)
(-0.557897 0.0955701 -0.00417268)
(-0.564 0.0479578 -0.00209388)
(0.600362 0.0510497 -0.00222888)
(0.593866 0.101732 -0.0044417)
(0.583091 0.151681 -0.00662251)
(0.568115 0.200537 -0.00875562)
(0.549045 0.247948 -0.0108256)
(0.52602 0.293572 -0.0128177)
(0.499204 0.337082 -0.0147173)
(0.468792 0.378163 -0.0165109)
(0.435002 0.416519 -0.0181856)
(0.398078 0.451874 -0.0197293)
(0.358286 0.483974 -0.0211307)
(0.315912 0.512586 -0.02238)
(0.271262 0.537505 -0.023468)
(0.224658 0.558551 -0.0243869)
(0.176435 0.575573 -0.0251301)
(0.126941 0.588448 -0.0256922)
(0.0765324 0.597084 -0.0260692)
(0.0255722 0.601417 -0.0262584)
(-0.0255722 0.601417 -0.0262584)
(-0.0765324 0.597084 -0.0260692)
(-0.126941 0.588448 -0.0256922)
(-0.176435 0.575573 -0.0251301)
(-0.224658 0.558551 -0.0243869)
(-0.271262 0.537505 -0.023468)
(-0.315912 0.512586 -0.02238)
(-0.358286 0.483974 -0.0211307)
(-0.398078 0.451874 -0.0197293)
(-0.435002 0.416519 -0.0181856)
(-0.468792 0.378163 -0.0165109)
(-0.499204 0.337082 -0.0147173)
(-0.52602 0.293572 -0.0128177)
(-0.549045 0.247948 -0.0108256)
(-0.568115 0.200537 -0.00875562)
(-0.583091 0.151681 -0.00662251)
(-0.593866 0.101732 -0.0044417)
(-0.600362 0.0510497 -0.00222888)
(0.639246 0.0543561 -0.00237324)
(0.632329 0.108321 -0.00472938)
(0.620856 0.161505 -0.00705144)
(0.60491 0.213525 -0.0093227)
(0.584605 0.264007 -0.0115268)
(0.560089 0.312586 -0.0136478)
(0.531536 0.358914 -0.0156705)
(0.499155 0.402656 -0.0175803)
(0.463176 0.443496 -0.0193635)
(0.423861 0.481141 -0.0210071)
(0.381491 0.515319 -0.0224993)
(0.336373 0.545785 -0.0238295)
(0.288832 0.572318 -0.0249879)
(0.239209 0.594727 -0.0259664)
(0.187863 0.612852 -0.0267577)
(0.135163 0.626561 -0.0273562)
(0.0814892 0.635755 -0.0277577)
(0.0272285 0.640369 -0.0279591)
(-0.0272285 0.640369 -0.0279591)
(-0.0814892 0.635755 -0.0277577)
(-0.135163 0.626561 -0.0273562)
(-0.187863 0.612852 -0.0267577)
(-0.239209 0.594727 -0.0259664)
(-0.288832 0.572318 -0.0249879)
(-0.336373 0.545785 -0.0238295)
(-0.381491 0.515319 -0.0224993)
(-0.423861 0.481141 -0.0210071)
(-0.463176 0.443496 -0.0193635)
(-0.499155 0.402656 -0.0175803)
(-0.531536 0.358914 -0.0156705)
(-0.560089 0.312586 -0.0136478)
(-0.584605 0.264007 -0.0115268)
(-0.60491 0.213525 -0.0093227)
(-0.620856 0.161505 -0.00705144)
(-0.632329 0.108321 -0.00472938)
(-0.639246 0.0543561 -0.00237324)
(0.680827 0.0578918 -0.00252761)
(0.67346 0.115366 -0.00503701)
(0.661241 0.17201 -0.00751011)
(0.644257 0.227414 -0.00992911)
(0.622632 0.28118 -0.0122766)
(0.596521 0.332919 -0.0145356)
(0.566111 0.38226 -0.0166898)
(0.531623 0.428847 -0.0187239)
(0.493304 0.472344 -0.020623)
(0.451432 0.512438 -0.0223735)
(0.406306 0.548839 -0.0239628)
(0.358253 0.581286 -0.0253795)
(0.307619 0.609545 -0.0266133)
(0.254769 0.633413 -0.0276554)
(0.200082 0.652716 -0.0284982)
(0.143955 0.667317 -0.0291357)
(0.0867898 0.677109 -0.0295632)
(0.0289996 0.682023 -0.0297778)
(-0.0289996 0.682023 -0.0297778)
(-0.0867898 0.677109 -0.0295632)
(-0.143955 0.667317 -0.0291357)
(-0.200082 0.652716 -0.0284982)
(-0.254769 0.633413 -0.0276554)
(-0.307619 0.609545 -0.0266133)
(-0.358253 0.581286 -0.0253795)
(-0.406306 0.548839 -0.0239628)
(-0.451432 0.512438 -0.0223735)
(-0.493304 0.472344 -0.020623)
(-0.531623 0.428847 -0.0187239)
(-0.566111 0.38226 -0.0166898)
(-0.596521 0.332919 -0.0145356)
(-0.622632 0.28118 -0.0122766)
(-0.644257 0.227414 -0.00992911)
(-0.661241 0.17201 -0.00751011)
(-0.67346 0.115366 -0.00503701)
(-0.680827 0.0578918 -0.00252761)
(0.725292 0.0616727 -0.00269269)
(0.717444 0.122901 -0.00536598)
(0.704427 0.183244 -0.0080006)
(0.686334 0.242266 -0.0105776)
(0.663296 0.299543 -0.0130783)
(0.635479 0.354662 -0.0154849)
(0.603084 0.407226 -0.0177799)
(0.566343 0.456855 -0.0199467)
(0.525522 0.503193 -0.0219699)
(0.480915 0.545905 -0.0238347)
(0.432842 0.584684 -0.0255279)
(0.381651 0.61925 -0.0270371)
(0.32771 0.649355 -0.0283514)
(0.271408 0.674781 -0.0294616)
(0.21315 0.695345 -0.0303594)
(0.153356 0.710899 -0.0310385)
(0.0924581 0.721331 -0.031494)
(0.0308936 0.726566 -0.0317226)
(-0.0308936 0.726566 -0.0317226)
(-0.0924581 0.721331 -0.031494)
(-0.153356 0.710899 -0.0310385)
(-0.21315 0.695345 -0.0303594)
(-0.271408 0.674781 -0.0294616)
(-0.32771 0.649355 -0.0283514)
(-0.381651 0.61925 -0.0270371)
(-0.432842 0.584684 -0.0255279)
(-0.480915 0.545905 -0.0238347)
(-0.525522 0.503193 -0.0219699)
(-0.566343 0.456855 -0.0199467)
(-0.603084 0.407226 -0.0177799)
(-0.635479 0.354662 -0.0154849)
(-0.663296 0.299543 -0.0130783)
(-0.686334 0.242266 -0.0105776)
(-0.704427 0.183244 -0.0080006)
(-0.717444 0.122901 -0.00536598)
(-0.725292 0.0616727 -0.00269269)
(0.772841 0.0657159 -0.00286922)
(0.764479 0.130958 -0.00571776)
(0.750608 0.195257 -0.00852511)
(0.731329 0.258149 -0.011271)
(0.706781 0.319181 -0.0139357)
(0.677141 0.377913 -0.0165001)
(0.642621 0.433923 -0.0189455)
(0.603472 0.486806 -0.0212544)
(0.559975 0.536181 -0.0234102)
(0.512443 0.581694 -0.0253973)
(0.461218 0.623015 -0.0272014)
(0.406671 0.659847 -0.0288096)
(0.349194 0.691926 -0.0302101)
(0.289201 0.719019 -0.031393)
(0.227124 0.740931 -0.0323497)
(0.16341 0.757505 -0.0330734)
(0.0985195 0.768621 -0.0335587)
(0.0329189 0.774199 -0.0338023)
(-0.0329189 0.774199 -0.0338023)
(-0.0985195 0.768621 -0.0335587)
(-0.16341 0.757505 -0.0330734)
(-0.227124 0.740931 -0.0323497)
(-0.289201 0.719019 -0.031393)
(-0.349194 0.691926 -0.0302101)
(-0.406671 0.659847 -0.0288096)
(-0.461218 0.623015 -0.0272014)
(-0.512443 0.581694 -0.0253973)
(-0.559975 0.536181 -0.0234102)
(-0.603472 0.486806 -0.0212544)
(-0.642621 0.433923 -0.0189455)
(-0.677141 0.377913 -0.0165001)
(-0.706781 0.319181 -0.0139357)
(-0.731329 0.258149 -0.011271)
(-0.750608 0.195257 -0.00852511)
(-0.764479 0.130958 -0.00571776)
(-0.772841 0.0657159 -0.00286922)
(0.823688 0.0700395 -0.00305799)
(0.814775 0.139574 -0.00609395)
(0.799992 0.208103 -0.00908599)
(0.779445 0.275133 -0.0120126)
(0.753282 0.340181 -0.0148526)
(0.721691 0.402777 -0.0175856)
(0.684901 0.462472 -0.0201919)
(0.643176 0.518834 -0.0226528)
(0.596817 0.571458 -0.0249504)
(0.546157 0.619965 -0.0270682)
(0.491563 0.664005 -0.0289911)
(0.433427 0.70326 -0.030705)
(0.372168 0.737449 -0.0321977)
(0.308228 0.766324 -0.0334584)
(0.242067 0.789678 -0.0344781)
(0.174161 0.807343 -0.0352493)
(0.105001 0.81919 -0.0357666)
(0.0350847 0.825135 -0.0360262)
(-0.0350847 0.825135 -0.0360262)
(-0.105001 0.81919 -0.0357666)
(-0.174161 0.807343 -0.0352493)
(-0.242067 0.789678 -0.0344781)
(-0.308228 0.766324 -0.0334584)
(-0.372168 0.737449 -0.0321977)
(-0.433427 0.70326 -0.030705)
(-0.491563 0.664005 -0.0289911)
(-0.546157 0.619965 -0.0270682)
(-0.596817 0.571458 -0.0249504)
(-0.643176 0.518834 -0.0226528)
(-0.684901 0.462472 -0.0201919)
(-0.721691 0.402777 -0.0175856)
(-0.753282 0.340181 -0.0148526)
(-0.779445 0.275133 -0.0120126)
(-0.799992 0.208103 -0.00908599)
(-0.814775 0.139574 -0.00609395)
(-0.823688 0.0700395 -0.00305799)
(0.878062 0.074663 -0.00325985)
(0.868561 0.148788 -0.00649622)
(0.852802 0.221841 -0.00968578)
(0.830898 0.293296 -0.0128056)
(0.803008 0.362637 -0.0158331)
(0.769332 0.429366 -0.0187465)
(0.730113 0.493001 -0.0215249)
(0.685634 0.553084 -0.0241481)
(0.636214 0.609181 -0.0265974)
(0.582211 0.66089 -0.0288551)
(0.524012 0.707837 -0.0309048)
(0.462039 0.749684 -0.0327319)
(0.396736 0.78613 -0.0343232)
(0.328575 0.816911 -0.0356671)
(0.258046 0.841807 -0.0367541)
(0.185658 0.860637 -0.0375762)
(0.111933 0.873267 -0.0381277)
(0.0374007 0.879605 -0.0384044)
(-0.0374007 0.879605 -0.0384044)
(-0.111933 0.873267 -0.0381277)
(-0.185658 0.860637 -0.0375762)
(-0.258046 0.841807 -0.0367541)
(-0.328575 0.816911 -0.0356671)
(-0.396736 0.78613 -0.0343232)
(-0.462039 0.749684 -0.0327319)
(-0.524012 0.707837 -0.0309048)
(-0.582211 0.66089 -0.0288551)
(-0.636214 0.609181 -0.0265974)
(-0.685634 0.553084 -0.0241481)
(-0.730113 0.493001 -0.0215249)
(-0.769332 0.429366 -0.0187465)
(-0.803008 0.362637 -0.0158331)
(-0.830898 0.293296 -0.0128056)
(-0.852802 0.221841 -0.00968578)
(-0.868561 0.148788 -0.00649622)
(-0.878062 0.074663 -0.00325985)
(0.936207 0.0796071 -0.00347572)
(0.926077 0.158641 -0.0069264)
(0.909274 0.236531 -0.0103272)
(0.88592 0.312718 -0.0136535)
(0.856183 0.386651 -0.0168815)
(0.820277 0.457798 -0.0199879)
(0.778461 0.525647 -0.0229502)
(0.731036 0.589709 -0.0257472)
(0.678344 0.649521 -0.0283587)
(0.620765 0.704654 -0.0307659)
(0.558713 0.75471 -0.0329514)
(0.492635 0.799328 -0.0348994)
(0.423008 0.838187 -0.0365961)
(0.350333 0.871007 -0.038029)
(0.275134 0.897551 -0.0391879)
(0.197953 0.917629 -0.0400645)
(0.119345 0.931095 -0.0406525)
(0.0398774 0.937852 -0.0409475)
(-0.0398774 0.937852 -0.0409475)
(-0.119345 0.931095 -0.0406525)
(-0.197953 0.917629 -0.0400645)
(-0.275134 0.897551 -0.0391879)
(-0.350333 0.871007 -0.038029)
(-0.423008 0.838187 -0.0365961)
(-0.492635 0.799328 -0.0348994)
(-0.558713 0.75471 -0.0329514)
(-0.620765 0.704654 -0.0307659)
(-0.678344 0.649521 -0.0283587)
(-0.731036 0.589709 -0.0257472)
(-0.778461 0.525647 -0.0229502)
(-0.820277 0.457798 -0.0199879)
(-0.856183 0.386651 -0.0168815)
(-0.88592 0.312718 -0.0136535)
(-0.909274 0.236531 -0.0103272)
(-0.926077 0.158641 -0.0069264)
(-0.936207 0.0796071 -0.00347572)
(0.998385 0.0848942 -0.00370656)
(0.987582 0.169177 -0.00738642)
(0.969663 0.25224 -0.0110131)
(0.944758 0.333487 -0.0145603)
(0.913046 0.41233 -0.0180027)
(0.874756 0.488203 -0.0213154)
(0.830162 0.560558 -0.0244745)
(0.779588 0.628874 -0.0274572)
(0.723396 0.692659 -0.0302422)
(0.661993 0.751454 -0.0328092)
(0.595819 0.804834 -0.0351398)
(0.525353 0.852416 -0.0372173)
(0.451102 0.893855 -0.0390266)
(0.3736 0.928855 -0.0405547)
(0.293407 0.957162 -0.0417906)
(0.2111 0.978573 -0.0427254)
(0.127271 0.992933 -0.0433524)
(0.0425259 1.00014 -0.043667)
(-0.0425259 1.00014 -0.043667)
(-0.127271 0.992933 -0.0433524)
(-0.2111 0.978573 -0.0427254)
(-0.293407 0.957162 -0.0417906)
(-0.3736 0.928855 -0.0405547)
(-0.451102 0.893855 -0.0390266)
(-0.525353 0.852416 -0.0372173)
(-0.595819 0.804834 -0.0351398)
(-0.661993 0.751454 -0.0328092)
(-0.723396 0.692659 -0.0302422)
(-0.779588 0.628874 -0.0274572)
(-0.830162 0.560558 -0.0244745)
(-0.874756 0.488203 -0.0213154)
(-0.913046 0.41233 -0.0180027)
(-0.944758 0.333487 -0.0145603)
(-0.969663 0.25224 -0.0110131)
(-0.987582 0.169177 -0.00738642)
(-0.998385 0.0848942 -0.00370656)
(1.06488 0.090548 -0.00395341)
(1.05335 0.180444 -0.00787834)
(1.03424 0.269039 -0.0117465)
(1.00768 0.355696 -0.01553)
(0.973853 0.439791 -0.0192017)
(0.933013 0.520716 -0.022735)
(0.88545 0.59789 -0.0261044)
(0.831507 0.670756 -0.0292858)
(0.771573 0.738789 -0.0322562)
(0.70608 0.801499 -0.0349942)
(0.6355 0.858435 -0.0374801)
(0.560341 0.909185 -0.0396959)
(0.481144 0.953385 -0.0416257)
(0.398481 0.990715 -0.0432556)
(0.312947 1.02091 -0.0445738)
(0.225158 1.04374 -0.0455709)
(0.135747 1.05906 -0.0462396)
(0.045358 1.06675 -0.0465752)
(-0.045358 1.06675 -0.0465752)
(-0.135747 1.05906 -0.0462396)
(-0.225158 1.04374 -0.0455709)
(-0.312947 1.02091 -0.0445738)
(-0.398481 0.990715 -0.0432556)
(-0.481144 0.953385 -0.0416257)
(-0.560341 0.909185 -0.0396959)
(-0.6355 0.858435 -0.0374801)
(-0.70608 0.801499 -0.0349942)
(-0.771573 0.738789 -0.0322562)
(-0.831507 0.670756 -0.0292858)
(-0.88545 0.59789 -0.0261044)
(-0.933013 0.520716 -0.022735)
(-0.973853 0.439791 -0.0192017)
(-1.00768 0.355696 -0.01553)
(-1.03424 0.269039 -0.0117465)
(-1.05335 0.180444 -0.00787834)
(-1.06488 0.090548 -0.00395341)
(1.13598 0.096594 -0.00421738)
(1.12369 0.192492 -0.00840438)
(1.1033 0.287003 -0.0125308)
(1.07496 0.379446 -0.016567)
(1.03888 0.469156 -0.0204838)
(0.995311 0.555485 -0.024253)
(0.944572 0.637811 -0.0278474)
(0.887027 0.715543 -0.0312413)
(0.823092 0.788118 -0.03441)
(0.753226 0.855016 -0.0373308)
(0.677933 0.915753 -0.0399826)
(0.597755 0.969892 -0.0423464)
(0.513271 1.01704 -0.044405)
(0.425088 1.05687 -0.0461438)
(0.333843 1.08907 -0.04755)
(0.240192 1.11344 -0.0486136)
(0.144811 1.12977 -0.049327)
(0.0483866 1.13797 -0.049685)
(-0.0483866 1.13797 -0.049685)
(-0.144811 1.12977 -0.049327)
(-0.240192 1.11344 -0.0486136)
(-0.333843 1.08907 -0.04755)
(-0.425088 1.05687 -0.0461438)
(-0.513271 1.01704 -0.044405)
(-0.597755 0.969892 -0.0423464)
(-0.677933 0.915753 -0.0399826)
(-0.753226 0.855016 -0.0373308)
(-0.823092 0.788118 -0.03441)
(-0.887027 0.715543 -0.0312413)
(-0.944572 0.637811 -0.0278474)
(-0.995311 0.555485 -0.024253)
(-1.03888 0.469156 -0.0204838)
(-1.07496 0.379446 -0.016567)
(-1.1033 0.287003 -0.0125308)
(-1.12369 0.192492 -0.00840438)
(-1.13598 0.096594 -0.00421738)
(1.21201 0.103059 -0.00449966)
(1.1989 0.205376 -0.00896691)
(1.17714 0.306213 -0.0133695)
(1.14691 0.404844 -0.0176759)
(1.10841 0.500557 -0.0218548)
(1.06193 0.592665 -0.0258763)
(1.00779 0.680502 -0.0297114)
(0.946398 0.763436 -0.0333323)
(0.878183 0.840869 -0.0367131)
(0.803641 0.912244 -0.0398295)
(0.723308 0.977047 -0.0426588)
(0.637764 1.03481 -0.0451807)
(0.547625 1.08512 -0.0473772)
(0.45354 1.1276 -0.0492323)
(0.356188 1.16197 -0.0507327)
(0.256269 1.18796 -0.0518675)
(0.154504 1.20539 -0.0526286)
(0.0516252 1.21414 -0.0530106)
(-0.0516252 1.21414 -0.0530106)
(-0.154504 1.20539 -0.0526286)
(-0.256269 1.18796 -0.0518675)
(-0.356188 1.16197 -0.0507327)
(-0.45354 1.1276 -0.0492323)
(-0.547625 1.08512 -0.0473772)
(-0.637764 1.03481 -0.0451807)
(-0.723308 0.977047 -0.0426588)
(-0.803641 0.912244 -0.0398295)
(-0.878183 0.840869 -0.0367131)
(-0.946398 0.763436 -0.0333323)
(-1.00779 0.680502 -0.0297114)
(-1.06193 0.592665 -0.0258763)
(-1.10841 0.500557 -0.0218548)
(-1.14691 0.404844 -0.0176759)
(-1.17714 0.306213 -0.0133695)
(-1.1989 0.205376 -0.00896691)
(-1.21201 0.103059 -0.00449966)
(1.29332 0.109973 -0.00480152)
(1.27933 0.219154 -0.00956845)
(1.25611 0.326755 -0.0142664)
(1.22385 0.432003 -0.0188616)
(1.18277 0.534137 -0.0233209)
(1.13317 0.632424 -0.0276122)
(1.0754 0.726153 -0.0317045)
(1.00989 0.814651 -0.0355684)
(0.937096 0.897279 -0.039176)
(0.857553 0.973442 -0.0425014)
(0.771831 1.04259 -0.0455205)
(0.680549 1.10423 -0.0482117)
(0.584363 1.15791 -0.0505555)
(0.483966 1.20325 -0.052535)
(0.380083 1.23992 -0.054136)
(0.273461 1.26766 -0.055347)
(0.164869 1.28626 -0.0561592)
(0.0550885 1.29559 -0.0565668)
(-0.0550885 1.29559 -0.0565668)
(-0.164869 1.28626 -0.0561592)
(-0.273461 1.26766 -0.055347)
(-0.380083 1.23992 -0.054136)
(-0.483966 1.20325 -0.052535)
(-0.584363 1.15791 -0.0505555)
(-0.680549 1.10423 -0.0482117)
(-0.771831 1.04259 -0.0455205)
(-0.857553 0.973442 -0.0425014)
(-0.937096 0.897279 -0.039176)
(-1.00989 0.814651 -0.0355684)
(-1.0754 0.726153 -0.0317045)
(-1.13317 0.632424 -0.0276122)
(-1.18277 0.534137 -0.0233209)
(-1.22385 0.432003 -0.0188616)
(-1.25611 0.326755 -0.0142664)
(-1.27933 0.219154 -0.00956845)
(-1.29332 0.109973 -0.00480152)
(1.38027 0.117366 -0.00512432)
(1.36533 0.233887 -0.0102117)
(1.34056 0.348722 -0.0152255)
(1.30613 0.461045 -0.0201297)
(1.26229 0.570046 -0.0248888)
(1.20935 0.67494 -0.0294685)
(1.1477 0.774971 -0.033836)
(1.07778 0.869418 -0.0379596)
(1.0001 0.957601 -0.0418098)
(0.915205 1.03888 -0.0453587)
(0.82372 1.11268 -0.0485808)
(0.726301 1.17846 -0.0514529)
(0.623648 1.23575 -0.0539542)
(0.516502 1.28414 -0.0560668)
(0.405635 1.32328 -0.0577755)
(0.291845 1.35288 -0.0590679)
(0.175952 1.37273 -0.0599347)
(0.058792 1.38269 -0.0603696)
(-0.058792 1.38269 -0.0603696)
(-0.175952 1.37273 -0.0599347)
(-0.291845 1.35288 -0.0590679)
(-0.405635 1.32328 -0.0577755)
(-0.516502 1.28414 -0.0560668)
(-0.623648 1.23575 -0.0539542)
(-0.726301 1.17846 -0.0514529)
(-0.82372 1.11268 -0.0485808)
(-0.915205 1.03888 -0.0453587)
(-1.0001 0.957601 -0.0418098)
(-1.07778 0.869418 -0.0379596)
(-1.1477 0.774971 -0.033836)
(-1.20935 0.67494 -0.0294685)
(-1.26229 0.570046 -0.0248888)
(-1.30613 0.461045 -0.0201297)
(-1.34056 0.348722 -0.0152255)
(-1.36533 0.233887 -0.0102117)
(-1.38027 0.117366 -0.00512432)
(1.47324 0.125272 -0.00546951)
(1.4573 0.249642 -0.0108996)
(1.43086 0.372213 -0.0162512)
(1.39411 0.492102 -0.0214856)
(1.34732 0.608446 -0.0265653)
(1.29081 0.720406 -0.0314536)
(1.22501 0.827175 -0.0361152)
(1.15038 0.927984 -0.0405167)
(1.06746 1.02211 -0.0446262)
(0.976855 1.10887 -0.0484141)
(0.879208 1.18764 -0.0518533)
(0.775226 1.25785 -0.0549188)
(0.665658 1.319 -0.0575887)
(0.551295 1.37064 -0.0598436)
(0.432959 1.41242 -0.0616674)
(0.311504 1.44401 -0.0630468)
(0.187805 1.4652 -0.063972)
(0.0627524 1.47583 -0.0644363)
(-0.0627524 1.47583 -0.0644363)
(-0.187805 1.4652 -0.063972)
(-0.311504 1.44401 -0.0630468)
(-0.432959 1.41242 -0.0616674)
(-0.551295 1.37064 -0.0598436)
(-0.665658 1.319 -0.0575887)
(-0.775226 1.25785 -0.0549188)
(-0.879208 1.18764 -0.0518533)
(-0.976855 1.10887 -0.0484141)
(-1.06746 1.02211 -0.0446262)
(-1.15038 0.927984 -0.0405167)
(-1.22501 0.827175 -0.0361152)
(-1.29081 0.720406 -0.0314536)
(-1.34732 0.608446 -0.0265653)
(-1.39411 0.492102 -0.0214856)
(-1.43086 0.372213 -0.0162512)
(-1.4573 0.249642 -0.0108996)
(-1.47324 0.125272 -0.00546951)
(1.57267 0.133727 -0.00583863)
(1.55565 0.26649 -0.0116352)
(1.52743 0.397333 -0.0173479)
(1.4882 0.525313 -0.0229357)
(1.43824 0.649509 -0.0283582)
(1.37793 0.769024 -0.0335763)
(1.30768 0.882999 -0.0385526)
(1.22802 0.990612 -0.0432511)
(1.13951 1.09109 -0.0476379)
(1.04278 1.1837 -0.0516815)
(0.938544 1.26779 -0.0553528)
(0.827544 1.34274 -0.0586252)
(0.710583 1.40802 -0.0614753)
(0.588501 1.46315 -0.0638824)
(0.462179 1.50774 -0.0658292)
(0.332527 1.54146 -0.0673017)
(0.20048 1.56408 -0.0682894)
(0.0669874 1.57543 -0.068785)
(-0.0669874 1.57543 -0.068785)
(-0.20048 1.56408 -0.0682894)
(-0.332527 1.54146 -0.0673017)
(-0.462179 1.50774 -0.0658292)
(-0.588501 1.46315 -0.0638824)
(-0.710583 1.40802 -0.0614753)
(-0.827544 1.34274 -0.0586252)
(-0.938544 1.26779 -0.0553528)
(-1.04278 1.1837 -0.0516815)
(-1.13951 1.09109 -0.0476379)
(-1.22802 0.990612 -0.0432511)
(-1.30768 0.882999 -0.0385526)
(-1.37793 0.769024 -0.0335763)
(-1.43824 0.649509 -0.0283582)
(-1.4882 0.525313 -0.0229357)
(-1.52743 0.397333 -0.0173479)
(-1.55565 0.26649 -0.0116352)
(-1.57267 0.133727 -0.00583863)
(1.67899 0.142767 -0.00623336)
(1.66083 0.284506 -0.0124218)
(1.63069 0.424195 -0.0185208)
(1.58881 0.560828 -0.0244863)
(1.53548 0.69342 -0.0302754)
(1.47109 0.821016 -0.0358463)
(1.39609 0.942696 -0.041159)
(1.31104 1.05758 -0.0461751)
(1.21654 1.16485 -0.0508585)
(1.11328 1.26373 -0.0551755)
(1.002 1.3535 -0.059095)
(0.883492 1.43352 -0.0625887)
(0.758623 1.50321 -0.0656314)
(0.628287 1.56207 -0.0682012)
(0.493425 1.60967 -0.0702797)
(0.355008 1.64568 -0.0718518)
(0.214033 1.66983 -0.0729062)
(0.0715162 1.68194 -0.0734353)
(-0.0715162 1.68194 -0.0734353)
(-0.214033 1.66983 -0.0729062)
(-0.355008 1.64568 -0.0718518)
(-0.493425 1.60967 -0.0702797)
(-0.628287 1.56207 -0.0682012)
(-0.758623 1.50321 -0.0656314)
(-0.883492 1.43352 -0.0625887)
(-1.002 1.3535 -0.059095)
(-1.11328 1.26373 -0.0551755)
(-1.21654 1.16485 -0.0508585)
(-1.31104 1.05758 -0.0461751)
(-1.39609 0.942696 -0.041159)
(-1.47109 0.821016 -0.0358463)
(-1.53548 0.69342 -0.0302754)
(-1.58881 0.560828 -0.0244863)
(-1.63069 0.424195 -0.0185208)
(-1.66083 0.284506 -0.0124218)
(-1.67899 0.142767 -0.00623336)
(1.79269 0.152435 -0.00665547)
(1.77329 0.303772 -0.013263)
(1.74112 0.452921 -0.0197749)
(1.6964 0.598806 -0.0261444)
(1.63946 0.740377 -0.0323255)
(1.5707 0.876613 -0.0382737)
(1.49063 1.00653 -0.0439462)
(1.39982 1.1292 -0.049302)
(1.29892 1.24373 -0.0543026)
(1.18867 1.3493 -0.0589119)
(1.06985 1.44515 -0.0630968)
(0.94332 1.53059 -0.066827)
(0.809995 1.605 -0.0700758)
(0.670834 1.66784 -0.0728197)
(0.526839 1.71867 -0.0750389)
(0.379049 1.75712 -0.0767174)
(0.228527 1.7829 -0.0778432)
(0.0763591 1.79584 -0.0784081)
(-0.0763591 1.79584 -0.0784081)
(-0.228527 1.7829 -0.0778432)
(-0.379049 1.75712 -0.0767174)
(-0.526839 1.71867 -0.0750389)
(-0.670834 1.66784 -0.0728197)
(-0.809995 1.605 -0.0700758)
(-0.94332 1.53059 -0.066827)
(-1.06985 1.44515 -0.0630968)
(-1.18867 1.3493 -0.0589119)
(-1.29892 1.24373 -0.0543026)
(-1.39982 1.1292 -0.049302)
(-1.49063 1.00653 -0.0439462)
(-1.5707 0.876613 -0.0382737)
(-1.63946 0.740377 -0.0323255)
(-1.6964 0.598806 -0.0261444)
(-1.74112 0.452921 -0.0197749)
(-1.77329 0.303772 -0.013263)
(-1.79269 0.152435 -0.00665547)
(1.91428 0.162774 -0.00710686)
(1.89356 0.324375 -0.0141625)
(1.85921 0.483639 -0.0211161)
(1.81145 0.639418 -0.0279176)
(1.75065 0.79059 -0.0345179)
(1.67723 0.936066 -0.0408695)
(1.59173 1.0748 -0.0469267)
(1.49476 1.20579 -0.0526457)
(1.38702 1.32809 -0.0579855)
(1.26929 1.44082 -0.0629074)
(1.14241 1.54317 -0.0673761)
(1.0073 1.6344 -0.0713594)
(0.86493 1.71385 -0.0748285)
(0.716331 1.78096 -0.0777584)
(0.56257 1.83524 -0.0801281)
(0.404756 1.87629 -0.0819205)
(0.244026 1.90382 -0.0831227)
(0.0815379 1.91764 -0.0837259)
(-0.0815379 1.91764 -0.0837259)
(-0.244026 1.90382 -0.0831227)
(-0.404756 1.87629 -0.0819205)
(-0.56257 1.83524 -0.0801281)
(-0.716331 1.78096 -0.0777584)
(-0.86493 1.71385 -0.0748285)
(-1.0073 1.6344 -0.0713594)
(-1.14241 1.54317 -0.0673761)
(-1.26929 1.44082 -0.0629074)
(-1.38702 1.32809 -0.0579855)
(-1.49476 1.20579 -0.0526457)
(-1.59173 1.0748 -0.0469267)
(-1.67723 0.936066 -0.0408695)
(-1.75065 0.79059 -0.0345179)
(-1.81145 0.639418 -0.0279176)
(-1.85921 0.483639 -0.0211161)
(-1.89356 0.324375 -0.0141625)
(-1.91428 0.162774 -0.00710686)
(2.04429 0.173829 -0.00758955)
(2.02217 0.346406 -0.0151244)
(1.98548 0.516487 -0.0225503)
(1.93449 0.682847 -0.0298137)
(1.86955 0.844287 -0.0368623)
(1.79115 0.999643 -0.0436454)
(1.69984 1.1478 -0.0501139)
(1.59628 1.28768 -0.0562214)
(1.48123 1.41829 -0.0619238)
(1.3555 1.53868 -0.06718)
(1.22 1.64798 -0.0719522)
(1.07571 1.74541 -0.076206)
(0.923675 1.83026 -0.0799108)
(0.764983 1.90192 -0.0830397)
(0.60078 1.95988 -0.0855704)
(0.432247 2.00372 -0.0874845)
(0.2606 2.03313 -0.0887683)
(0.0870759 2.04788 -0.0894125)
(-0.0870759 2.04788 -0.0894125)
(-0.2606 2.03313 -0.0887683)
(-0.432247 2.00372 -0.0874845)
(-0.60078 1.95988 -0.0855704)
(-0.764983 1.90192 -0.0830397)
(-0.923675 1.83026 -0.0799108)
(-1.07571 1.74541 -0.076206)
(-1.22 1.64798 -0.0719522)
(-1.3555 1.53868 -0.06718)
(-1.48123 1.41829 -0.0619238)
(-1.59628 1.28768 -0.0562214)
(-1.69984 1.1478 -0.0501139)
(-1.79115 0.999643 -0.0436454)
(-1.86955 0.844287 -0.0368623)
(-1.93449 0.682847 -0.0298137)
(-1.98548 0.516487 -0.0225503)
(-2.02217 0.346406 -0.0151244)
(-2.04429 0.173829 -0.00758955)
(2.18333 0.185652 -0.00810572)
(2.1597 0.369966 -0.016153)
(2.12052 0.551614 -0.024084)
(2.06605 0.729288 -0.0318414)
(1.9967 0.901707 -0.0393694)
(1.91297 1.06763 -0.0466137)
(1.81545 1.22586 -0.0535222)
(1.70485 1.37526 -0.0600451)
(1.58196 1.51475 -0.0661353)
(1.44768 1.64332 -0.071749)
(1.30297 1.76006 -0.0768458)
(1.14887 1.86411 -0.0813889)
(0.986495 1.95473 -0.0853456)
(0.817011 2.03127 -0.0886873)
(0.641639 2.09318 -0.0913901)
(0.461645 2.14 -0.0934344)
(0.278324 2.1714 -0.0948055)
(0.092998 2.18716 -0.0954936)
(-0.092998 2.18716 -0.0954936)
(-0.278324 2.1714 -0.0948055)
(-0.461645 2.14 -0.0934344)
(-0.641639 2.09318 -0.0913901)
(-0.817011 2.03127 -0.0886873)
(-0.986495 1.95473 -0.0853456)
(-1.14887 1.86411 -0.0813889)
(-1.30297 1.76006 -0.0768458)
(-1.44768 1.64332 -0.071749)
(-1.58196 1.51475 -0.0661353)
(-1.70485 1.37526 -0.0600451)
(-1.81545 1.22586 -0.0535222)
(-1.91297 1.06763 -0.0466137)
(-1.9967 0.901707 -0.0393694)
(-2.06605 0.729288 -0.0318414)
(-2.12052 0.551614 -0.024084)
(-2.1597 0.369966 -0.016153)
(-2.18333 0.185652 -0.00810572)
(2.332 0.198294 -0.0086577)
(2.30677 0.395159 -0.017253)
(2.26492 0.589177 -0.025724)
(2.20674 0.77895 -0.0340097)
(2.13267 0.963111 -0.0420503)
(2.04323 1.14033 -0.049788)
(1.93907 1.30934 -0.0571669)
(1.82094 1.46891 -0.0641339)
(1.68969 1.6179 -0.0706389)
(1.54627 1.75523 -0.0766349)
(1.3917 1.87991 -0.0820787)
(1.22711 1.99105 -0.0869312)
(1.05367 2.08785 -0.0911573)
(0.872646 2.1696 -0.0947267)
(0.685333 2.23572 -0.0976135)
(0.493081 2.28573 -0.099797)
(0.297277 2.31927 -0.101261)
(0.0993309 2.3361 -0.101996)
(-0.0993309 2.3361 -0.101996)
(-0.297277 2.31927 -0.101261)
(-0.493081 2.28573 -0.099797)
(-0.685333 2.23572 -0.0976135)
(-0.872646 2.1696 -0.0947267)
(-1.05367 2.08785 -0.0911573)
(-1.22711 1.99105 -0.0869312)
(-1.3917 1.87991 -0.0820787)
(-1.54627 1.75523 -0.0766349)
(-1.68969 1.6179 -0.0706389)
(-1.82094 1.46891 -0.0641339)
(-1.93907 1.30934 -0.0571669)
(-2.04323 1.14033 -0.049788)
(-2.13267 0.963111 -0.0420503)
(-2.20674 0.77895 -0.0340097)
(-2.26492 0.589177 -0.025724)
(-2.30677 0.395159 -0.017253)
(-2.332 0.198294 -0.0086577)
(2.49099 0.211813 -0.00924796)
(2.46404 0.4221 -0.0184293)
(2.41933 0.629346 -0.0274778)
(2.35719 0.832057 -0.0363284)
(2.27807 1.02877 -0.0449172)
(2.18254 1.21808 -0.0531824)
(2.07127 1.3986 -0.0610644)
(1.94509 1.56906 -0.0685064)
(1.80489 1.7282 -0.0754549)
(1.65169 1.87489 -0.0818597)
(1.48658 2.00808 -0.0876747)
(1.31077 2.1268 -0.0928579)
(1.12551 2.23019 -0.0973722)
(0.932141 2.31751 -0.101185)
(0.732057 2.38814 -0.104269)
(0.526698 2.44156 -0.106601)
(0.317545 2.47739 -0.108165)
(0.106103 2.49537 -0.10895)
(-0.106103 2.49537 -0.10895)
(-0.317545 2.47739 -0.108165)
(-0.526698 2.44156 -0.106601)
(-0.732057 2.38814 -0.104269)
(-0.932141 2.31751 -0.101185)
(-1.12551 2.23019 -0.0973722)
(-1.31077 2.1268 -0.0928579)
(-1.48658 2.00808 -0.0876747)
(-1.65169 1.87489 -0.0818597)
(-1.80489 1.7282 -0.0754549)
(-1.94509 1.56906 -0.0685064)
(-2.07127 1.3986 -0.0610644)
(-2.18254 1.21808 -0.0531824)
(-2.27807 1.02877 -0.0449172)
(-2.35719 0.832057 -0.0363284)
(-2.41933 0.629346 -0.0274778)
(-2.46404 0.4221 -0.0184293)
(-2.49099 0.211813 -0.00924796)
(0.498199 0.0423626 -0.00184959)
(0.492808 0.08442 -0.00368586)
(0.483866 0.125869 -0.00549556)
(0.471439 0.166411 -0.00726568)
(0.455614 0.205755 -0.00898344)
(0.436507 0.243615 -0.0106365)
(0.414255 0.279721 -0.0122129)
(0.389018 0.313811 -0.0137013)
(0.360978 0.34564 -0.015091)
(0.330337 0.374979 -0.0163719)
(0.297317 0.401616 -0.0175349)
(0.262154 0.425359 -0.0185716)
(0.225102 0.446038 -0.0194744)
(0.186428 0.463503 -0.020237)
(0.146411 0.477628 -0.0208537)
(0.10534 0.488312 -0.0213202)
(0.0635089 0.495478 -0.021633)
(0.0212206 0.499074 -0.02179)
(-0.0212206 0.499074 -0.02179)
(-0.0635089 0.495478 -0.021633)
(-0.10534 0.488312 -0.0213202)
(-0.146411 0.477628 -0.0208537)
(-0.186428 0.463503 -0.020237)
(-0.225102 0.446038 -0.0194744)
(-0.262154 0.425359 -0.0185716)
(-0.297317 0.401616 -0.0175349)
(-0.330337 0.374979 -0.0163719)
(-0.360978 0.34564 -0.015091)
(-0.389018 0.313811 -0.0137013)
(-0.414255 0.279721 -0.0122129)
(-0.436507 0.243615 -0.0106365)
(-0.455614 0.205755 -0.00898344)
(-0.471439 0.166411 -0.00726568)
(-0.483866 0.125869 -0.00549556)
(-0.492808 0.08442 -0.00368586)
(-0.498199 0.0423626 -0.00184959)
(0.531913 0 0)
(0.566039 0 0)
(0.602533 0 0)
(0.641557 0 0)
(0.683289 0 0)
(0.727914 0 0)
(0.775635 0 0)
(0.826666 0 0)
(0.881237 0 0)
(0.939592 0 0)
(1.00199 0 0)
(1.06873 0 0)
(1.14009 0 0)
(1.21639 0 0)
(1.298 0 0)
(1.38526 0 0)
(1.47857 0 0)
(1.57836 0 0)
(1.68507 0 0)
(1.79917 0 0)
(1.9212 0 0)
(2.05168 0 0)
(2.19122 0 0)
(2.34044 0 0)
(-0.531913 0 0)
(-0.566039 0 0)
(-0.602533 0 0)
(-0.641557 0 0)
(-0.683289 0 0)
(-0.727914 0 0)
(-0.775635 0 0)
(-0.826666 0 0)
(-0.881237 0 0)
(-0.939592 0 0)
(-1.00199 0 0)
(-1.06873 0 0)
(-1.14009 0 0)
(-1.21639 0 0)
(-1.298 0 0)
(-1.38526 0 0)
(-1.47857 0 0)
(-1.57836 0 0)
(-1.68507 0 0)
(-1.79917 0 0)
(-1.9212 0 0)
(-2.05168 0 0)
(-2.19122 0 0)
(-2.34044 0 0)
(-0.5 0 0)
(-2.5 0 0)
(0.5 0 0)
(2.5 0 0)
)


// ************************************************************************* //
